0.000000e+00	0.000000e+00	0.000000e+00	0.000000e+00	1.496000e+11	0.000000e+00	0.000000e+00	0.000000e+00	-5.791000e+10	0.000000e+00	-1.082100e+11	0.000000e+00	0.000000e+00	0.000000e+00	2.279200e+11	0.000000e+00	
8.640000e+04	-3.707489e+01	-2.144388e+01	0.000000e+00	1.495779e+11	2.572992e+09	0.000000e+00	4.091904e+09	-5.776229e+10	0.000000e+00	-1.081677e+11	-3.025728e+09	0.000000e+00	-2.079648e+09	2.279105e+11	0.000000e+00	
1.728000e+05	-1.448285e+02	-8.916244e+01	0.000000e+00	1.495115e+11	5.145223e+09	0.000000e+00	8.162931e+09	-5.731987e+10	0.000000e+00	-1.080408e+11	-6.049090e+09	0.000000e+00	-4.159122e+09	2.278819e+11	0.000000e+00	
2.592000e+05	-3.196817e+02	-2.063044e+02	0.000000e+00	1.494008e+11	7.715931e+09	0.000000e+00	1.219229e+10	-5.658487e+10	0.000000e+00	-1.078295e+11	-9.067723e+09	0.000000e+00	-6.238248e+09	2.278342e+11	0.000000e+00	
3.456000e+05	-5.579619e+02	-3.757774e+02	0.000000e+00	1.492460e+11	1.028436e+10	0.000000e+00	1.615937e+10	-5.556080e+10	0.000000e+00	-1.075338e+11	-1.207927e+10	0.000000e+00	-8.316852e+09	2.277674e+11	0.000000e+00	
4.320000e+05	-8.559178e+02	-6.002460e+02	0.000000e+00	1.490470e+11	1.284974e+10	0.000000e+00	2.004381e+10	-5.425262e+10	0.000000e+00	-1.071541e+11	-1.508136e+10	0.000000e+00	-1.039476e+10	2.276816e+11	0.000000e+00	
5.184000e+05	-1.209734e+03	-8.821302e+02	0.000000e+00	1.488039e+11	1.541132e+10	0.000000e+00	2.382561e+10	-5.266662e+10	0.000000e+00	-1.066905e+11	-1.807167e+10	0.000000e+00	-1.247180e+10	2.275768e+11	0.000000e+00	
6.048000e+05	-1.615548e+03	-1.223605e+03	0.000000e+00	1.485167e+11	1.796834e+10	0.000000e+00	2.748521e+10	-5.081048e+10	0.000000e+00	-1.061436e+11	-2.104785e+10	0.000000e+00	-1.454779e+10	2.274529e+11	0.000000e+00	
6.912000e+05	-2.069461e+03	-1.626600e+03	0.000000e+00	1.481856e+11	2.052004e+10	0.000000e+00	3.100356e+10	-4.869323e+10	0.000000e+00	-1.055137e+11	-2.400757e+10	0.000000e+00	-1.662257e+10	2.273100e+11	0.000000e+00	
7.776000e+05	-2.567557e+03	-2.092800e+03	0.000000e+00	1.478107e+11	2.306567e+10	0.000000e+00	3.436223e+10	-4.632519e+10	0.000000e+00	-1.048012e+11	-2.694851e+10	0.000000e+00	-1.869596e+10	2.271480e+11	0.000000e+00	
8.640000e+05	-3.105918e+03	-2.623650e+03	0.000000e+00	1.473920e+11	2.560447e+10	0.000000e+00	3.754348e+10	-4.371797e+10	0.000000e+00	-1.040068e+11	-2.986839e+10	0.000000e+00	-2.076778e+10	2.269671e+11	0.000000e+00	
9.504000e+05	-3.680636e+03	-3.220352e+03	0.000000e+00	1.469297e+11	2.813570e+10	0.000000e+00	4.053038e+10	-4.088442e+10	0.000000e+00	-1.031312e+11	-3.276492e+10	0.000000e+00	-2.283786e+10	2.267671e+11	0.000000e+00	
1.036800e+06	-4.287830e+03	-3.883875e+03	0.000000e+00	1.464240e+11	3.065861e+10	0.000000e+00	4.330682e+10	-3.783858e+10	0.000000e+00	-1.021748e+11	-3.563583e+10	0.000000e+00	-2.490603e+10	2.265482e+11	0.000000e+00	
1.123200e+06	-4.923662e+03	-4.614954e+03	0.000000e+00	1.458749e+11	3.317244e+10	0.000000e+00	4.585768e+10	-3.459565e+10	0.000000e+00	-1.011386e+11	-3.847887e+10	0.000000e+00	-2.697212e+10	2.263103e+11	0.000000e+00	
1.209600e+06	-5.584353e+03	-5.414099e+03	0.000000e+00	1.452826e+11	3.567645e+10	0.000000e+00	4.816886e+10	-3.117190e+10	0.000000e+00	-1.000233e+11	-4.129183e+10	0.000000e+00	-2.903595e+10	2.260535e+11	0.000000e+00	
1.296000e+06	-6.266193e+03	-6.281602e+03	0.000000e+00	1.446474e+11	3.816991e+10	0.000000e+00	5.022738e+10	-2.758464e+10	0.000000e+00	-9.882982e+10	-4.407251e+10	0.000000e+00	-3.109736e+10	2.257778e+11	0.000000e+00	
1.382400e+06	-6.965559e+03	-7.217541e+03	0.000000e+00	1.439693e+11	4.065207e+10	0.000000e+00	5.202146e+10	-2.385214e+10	0.000000e+00	-9.755905e+10	-4.681872e+10	0.000000e+00	-3.315616e+10	2.254831e+11	0.000000e+00	
1.468800e+06	-7.678931e+03	-8.221793e+03	0.000000e+00	1.432487e+11	4.312221e+10	0.000000e+00	5.354057e+10	-1.999358e+10	0.000000e+00	-9.621201e+10	-4.952833e+10	0.000000e+00	-3.521218e+10	2.251696e+11	0.000000e+00	
1.555200e+06	-8.402901e+03	-9.294041e+03	0.000000e+00	1.424856e+11	4.557958e+10	0.000000e+00	5.477553e+10	-1.602891e+10	0.000000e+00	-9.478974e+10	-5.219922e+10	0.000000e+00	-3.726526e+10	2.248373e+11	0.000000e+00	
1.641600e+06	-9.134191e+03	-1.043379e+04	0.000000e+00	1.416804e+11	4.802346e+10	0.000000e+00	5.571859e+10	-1.197881e+10	0.000000e+00	-9.329336e+10	-5.482930e+10	0.000000e+00	-3.931522e+10	2.244861e+11	0.000000e+00	
1.728000e+06	-9.869662e+03	-1.164036e+04	0.000000e+00	1.408333e+11	5.045314e+10	0.000000e+00	5.636345e+10	-7.864610e+09	0.000000e+00	-9.172405e+10	-5.741651e+10	0.000000e+00	-4.136188e+10	2.241162e+11	0.000000e+00	
1.814400e+06	-1.060633e+04	-1.291294e+04	0.000000e+00	1.399445e+11	5.286788e+10	0.000000e+00	5.670534e+10	-3.708133e+09	0.000000e+00	-9.008302e+10	-5.995883e+10	0.000000e+00	-4.340509e+10	2.237275e+11	0.000000e+00	
1.900800e+06	-1.134136e+04	-1.425056e+04	0.000000e+00	1.390142e+11	5.526698e+10	0.000000e+00	5.674110e+10	4.683627e+08	0.000000e+00	-8.837156e+10	-6.245427e+10	0.000000e+00	-4.544466e+10	2.233200e+11	0.000000e+00	
1.987200e+06	-1.207211e+04	-1.565213e+04	0.000000e+00	1.380429e+11	5.764973e+10	0.000000e+00	5.646917e+10	4.642319e+09	0.000000e+00	-8.659101e+10	-6.490089e+10	0.000000e+00	-4.748043e+10	2.228939e+11	0.000000e+00	
2.073600e+06	-1.279610e+04	-1.711645e+04	0.000000e+00	1.370307e+11	6.001541e+10	0.000000e+00	5.588969e+10	8.790991e+09	0.000000e+00	-8.474277e+10	-6.729676e+10	0.000000e+00	-4.951223e+10	2.224491e+11	0.000000e+00	
2.160000e+06	-1.351106e+04	-1.864222e+04	0.000000e+00	1.359779e+11	6.236334e+10	0.000000e+00	5.500445e+10	1.289157e+10	0.000000e+00	-8.282827e+10	-6.964002e+10	0.000000e+00	-5.153988e+10	2.219857e+11	0.000000e+00	
2.246400e+06	-1.421490e+04	-2.022808e+04	0.000000e+00	1.348849e+11	6.469281e+10	0.000000e+00	5.381701e+10	1.692132e+10	0.000000e+00	-8.084901e+10	-7.192884e+10	0.000000e+00	-5.356321e+10	2.215037e+11	0.000000e+00	
2.332800e+06	-1.490572e+04	-2.187260e+04	0.000000e+00	1.337520e+11	6.700314e+10	0.000000e+00	5.233261e+10	2.085770e+10	0.000000e+00	-7.880655e+10	-7.416142e+10	0.000000e+00	-5.558207e+10	2.210032e+11	0.000000e+00	
2.419200e+06	-1.558183e+04	-2.357433e+04	0.000000e+00	1.325795e+11	6.929364e+10	0.000000e+00	5.055823e+10	2.467851e+10	0.000000e+00	-7.670248e+10	-7.633603e+10	0.000000e+00	-5.759627e+10	2.204842e+11	0.000000e+00	
2.505600e+06	-1.624175e+04	-2.533181e+04	0.000000e+00	1.313678e+11	7.156363e+10	0.000000e+00	4.850258e+10	2.836202e+10	0.000000e+00	-7.453845e+10	-7.845096e+10	0.000000e+00	-5.960564e+10	2.199467e+11	0.000000e+00	
2.592000e+06	-1.688418e+04	-2.714357e+04	0.000000e+00	1.301172e+11	7.381245e+10	0.000000e+00	4.617602e+10	3.188712e+10	0.000000e+00	-7.231614e+10	-8.050455e+10	0.000000e+00	-6.161003e+10	2.193908e+11	0.000000e+00	
2.678400e+06	-1.750803e+04	-2.900817e+04	0.000000e+00	1.288281e+11	7.603942e+10	0.000000e+00	4.359058e+10	3.523344e+10	0.000000e+00	-7.003730e+10	-8.249521e+10	0.000000e+00	-6.360926e+10	2.188165e+11	0.000000e+00	
2.764800e+06	-1.811241e+04	-3.092423e+04	0.000000e+00	1.275008e+11	7.824389e+10	0.000000e+00	4.075988e+10	3.838153e+10	0.000000e+00	-6.770370e+10	-8.442138e+10	0.000000e+00	-6.560316e+10	2.182239e+11	0.000000e+00	
2.851200e+06	-1.869659e+04	-3.289042e+04	0.000000e+00	1.261359e+11	8.042520e+10	0.000000e+00	3.769908e+10	4.131294e+10	0.000000e+00	-6.531718e+10	-8.628156e+10	0.000000e+00	-6.759157e+10	2.176130e+11	0.000000e+00	
2.937600e+06	-1.926003e+04	-3.490551e+04	0.000000e+00	1.247336e+11	8.258272e+10	0.000000e+00	3.442479e+10	4.401040e+10	0.000000e+00	-6.287960e+10	-8.807428e+10	0.000000e+00	-6.957432e+10	2.169840e+11	0.000000e+00	
3.024000e+06	-1.980235e+04	-3.696838e+04	0.000000e+00	1.232944e+11	8.471579e+10	0.000000e+00	3.095499e+10	4.645790e+10	0.000000e+00	-6.039286e+10	-8.979815e+10	0.000000e+00	-7.155125e+10	2.163367e+11	0.000000e+00	
3.110400e+06	-2.032331e+04	-3.907801e+04	0.000000e+00	1.218187e+11	8.682379e+10	0.000000e+00	2.730892e+10	4.864087e+10	0.000000e+00	-5.785891e+10	-9.145183e+10	0.000000e+00	-7.352218e+10	2.156713e+11	0.000000e+00	
3.196800e+06	-2.082282e+04	-4.123355e+04	0.000000e+00	1.203069e+11	8.890610e+10	0.000000e+00	2.350699e+10	5.054622e+10	0.000000e+00	-5.527974e+10	-9.303402e+10	0.000000e+00	-7.548696e+10	2.149879e+11	0.000000e+00	
3.283200e+06	-2.130089e+04	-4.343429e+04	0.000000e+00	1.187596e+11	9.096210e+10	0.000000e+00	1.957062e+10	5.216248e+10	0.000000e+00	-5.265735e+10	-9.454348e+10	0.000000e+00	-7.744541e+10	2.142865e+11	0.000000e+00	
3.369600e+06	-2.175764e+04	-4.567967e+04	0.000000e+00	1.171771e+11	9.299118e+10	0.000000e+00	1.552214e+10	5.347992e+10	0.000000e+00	-4.999379e+10	-9.597903e+10	0.000000e+00	-7.939738e+10	2.135671e+11	0.000000e+00	
3.456000e+06	-2.219326e+04	-4.796934e+04	0.000000e+00	1.155599e+11	9.499273e+10	0.000000e+00	1.138460e+10	5.449054e+10	0.000000e+00	-4.729116e+10	-9.733956e+10	0.000000e+00	-8.134270e+10	2.128298e+11	0.000000e+00	
3.542400e+06	-2.260799e+04	-5.030312e+04	0.000000e+00	1.139085e+11	9.696617e+10	0.000000e+00	7.181678e+09	5.518821e+10	0.000000e+00	-4.455157e+10	-9.862401e+10	0.000000e+00	-8.328121e+10	2.120747e+11	0.000000e+00	
3.628800e+06	-2.300211e+04	-5.268103e+04	0.000000e+00	1.122235e+11	9.891092e+10	0.000000e+00	2.937482e+09	5.556870e+10	0.000000e+00	-4.177714e+10	-9.983136e+10	0.000000e+00	-8.521274e+10	2.113019e+11	0.000000e+00	
3.715200e+06	-2.337591e+04	-5.510327e+04	0.000000e+00	1.105052e+11	1.008264e+11	0.000000e+00	-1.323602e+09	5.562969e+10	0.000000e+00	-3.897006e+10	-1.009607e+11	0.000000e+00	-8.713713e+10	2.105113e+11	0.000000e+00	
3.801600e+06	-2.372966e+04	-5.757028e+04	0.000000e+00	1.087541e+11	1.027120e+11	0.000000e+00	-5.577077e+09	5.537083e+10	0.000000e+00	-3.613252e+10	-1.020111e+11	0.000000e+00	-8.905422e+10	2.097031e+11	0.000000e+00	
3.888000e+06	-2.406360e+04	-6.008265e+04	0.000000e+00	1.069710e+11	1.045673e+11	0.000000e+00	-9.798494e+09	5.479368e+10	0.000000e+00	-3.326674e+10	-1.029817e+11	0.000000e+00	-9.096385e+10	2.088774e+11	0.000000e+00	
3.974400e+06	-2.437791e+04	-6.264121e+04	0.000000e+00	1.051561e+11	1.063915e+11	0.000000e+00	-1.396362e+10	5.390178e+10	0.000000e+00	-3.037496e+10	-1.038719e+11	0.000000e+00	-9.286586e+10	2.080341e+11	0.000000e+00	
4.060800e+06	-2.467267e+04	-6.524696e+04	0.000000e+00	1.033101e+11	1.081843e+11	0.000000e+00	-1.804862e+10	5.270054e+10	0.000000e+00	-2.745943e+10	-1.046809e+11	0.000000e+00	-9.476009e+10	2.071734e+11	0.000000e+00	
4.147200e+06	-2.494787e+04	-6.790107e+04	0.000000e+00	1.014336e+11	1.099451e+11	0.000000e+00	-2.203017e+10	5.119727e+10	0.000000e+00	-2.452244e+10	-1.054080e+11	0.000000e+00	-9.664638e+10	2.062954e+11	0.000000e+00	
4.233600e+06	-2.520336e+04	-7.060491e+04	0.000000e+00	9.952700e+10	1.116734e+11	0.000000e+00	-2.588568e+10	4.940105e+10	0.000000e+00	-2.156628e+10	-1.060528e+11	0.000000e+00	-9.852457e+10	2.054000e+11	0.000000e+00	
4.320000e+06	-2.543883e+04	-7.335999e+04	0.000000e+00	9.759097e+10	1.133685e+11	0.000000e+00	-2.959335e+10	4.732272e+10	0.000000e+00	-1.859327e+10	-1.066147e+11	0.000000e+00	-1.003945e+11	2.044875e+11	0.000000e+00	
4.406400e+06	-2.565384e+04	-7.616797e+04	0.000000e+00	9.562606e+10	1.150302e+11	0.000000e+00	-3.313241e+10	4.497474e+10	0.000000e+00	-1.560573e+10	-1.070933e+11	0.000000e+00	-1.022560e+11	2.035578e+11	0.000000e+00	
4.492800e+06	-2.584771e+04	-7.903064e+04	0.000000e+00	9.363284e+10	1.166577e+11	0.000000e+00	-3.648316e+10	4.237115e+10	0.000000e+00	-1.260599e+10	-1.074881e+11	0.000000e+00	-1.041090e+11	2.026110e+11	0.000000e+00	
4.579200e+06	-2.601961e+04	-8.194989e+04	0.000000e+00	9.161191e+10	1.182508e+11	0.000000e+00	-3.962714e+10	3.952743e+10	0.000000e+00	-9.596392e+09	-1.077990e+11	0.000000e+00	-1.059532e+11	2.016473e+11	0.000000e+00	
4.665600e+06	-2.616846e+04	-8.492773e+04	0.000000e+00	8.956386e+10	1.198089e+11	0.000000e+00	-4.254722e+10	3.646037e+10	0.000000e+00	-6.579297e+09	-1.080255e+11	0.000000e+00	-1.077885e+11	2.006667e+11	0.000000e+00	
4.752000e+06	-2.629297e+04	-8.796620e+04	0.000000e+00	8.748930e+10	1.213314e+11	0.000000e+00	-4.522770e+10	3.318798e+10	0.000000e+00	-3.557061e+09	-1.081677e+11	0.000000e+00	-1.096149e+11	1.996692e+11	0.000000e+00	
4.838400e+06	-2.639160e+04	-9.106742e+04	0.000000e+00	8.538885e+10	1.228181e+11	0.000000e+00	-4.765437e+10	2.972934e+10	0.000000e+00	-5.320452e+08	-1.082253e+11	0.000000e+00	-1.114320e+11	1.986550e+11	0.000000e+00	
4.924800e+06	-2.646259e+04	-9.423352e+04	0.000000e+00	8.326312e+10	1.242684e+11	0.000000e+00	-4.981460e+10	2.610449e+10	0.000000e+00	2.493387e+09	-1.081984e+11	0.000000e+00	-1.132398e+11	1.976242e+11	0.000000e+00	
5.011200e+06	-2.650390e+04	-9.746665e+04	0.000000e+00	8.111274e+10	1.256820e+11	0.000000e+00	-5.169739e+10	2.233425e+10	0.000000e+00	5.516870e+09	-1.080869e+11	0.000000e+00	-1.150380e+11	1.965768e+11	0.000000e+00	
5.097600e+06	-2.651327e+04	-1.007689e+05	0.000000e+00	7.893836e+10	1.270583e+11	0.000000e+00	-5.329342e+10	1.844013e+10	0.000000e+00	8.536042e+09	-1.078909e+11	0.000000e+00	-1.168267e+11	1.955129e+11	0.000000e+00	
5.184000e+06	-2.648817e+04	-1.041424e+05	0.000000e+00	7.674061e+10	1.283971e+11	0.000000e+00	-5.459505e+10	1.444413e+10	0.000000e+00	1.154854e+10	-1.076106e+11	0.000000e+00	-1.186055e+11	1.944326e+11	0.000000e+00	
5.270400e+06	-2.642581e+04	-1.075892e+05	0.000000e+00	7.452014e+10	1.296978e+11	0.000000e+00	-5.559638e+10	1.036869e+10	0.000000e+00	1.455202e+10	-1.072462e+11	0.000000e+00	-1.203744e+11	1.933360e+11	0.000000e+00	
5.356800e+06	-2.632316e+04	-1.111111e+05	0.000000e+00	7.227762e+10	1.309601e+11	0.000000e+00	-5.629321e+10	6.236454e+09	0.000000e+00	1.754412e+10	-1.067980e+11	0.000000e+00	-1.221332e+11	1.922232e+11	0.000000e+00	
5.443200e+06	-2.617697e+04	-1.147101e+05	0.000000e+00	7.001370e+10	1.321837e+11	0.000000e+00	-5.668308e+10	2.070213e+09	0.000000e+00	2.052252e+10	-1.062663e+11	0.000000e+00	-1.238818e+11	1.910943e+11	0.000000e+00	
5.529600e+06	-2.598370e+04	-1.183877e+05	0.000000e+00	6.772906e+10	1.333681e+11	0.000000e+00	-5.676522e+10	-2.107267e+09	0.000000e+00	2.348487e+10	-1.056516e+11	0.000000e+00	-1.256199e+11	1.899493e+11	0.000000e+00	
5.616000e+06	-2.573964e+04	-1.221457e+05	0.000000e+00	6.542436e+10	1.345131e+11	0.000000e+00	-5.654054e+10	-6.273359e+09	0.000000e+00	2.642888e+10	-1.049544e+11	0.000000e+00	-1.273476e+11	1.887884e+11	0.000000e+00	
5.702400e+06	-2.544081e+04	-1.259853e+05	0.000000e+00	6.310030e+10	1.356182e+11	0.000000e+00	-5.601160e+10	-1.040569e+10	0.000000e+00	2.935223e+10	-1.041751e+11	0.000000e+00	-1.290645e+11	1.876117e+11	0.000000e+00	
5.788800e+06	-2.508304e+04	-1.299077e+05	0.000000e+00	6.075756e+10	1.366832e+11	0.000000e+00	-5.518254e+10	-1.448227e+10	0.000000e+00	3.225264e+10	-1.033144e+11	0.000000e+00	-1.307706e+11	1.864192e+11	0.000000e+00	
5.875200e+06	-2.466199e+04	-1.339140e+05	0.000000e+00	5.839683e+10	1.377077e+11	0.000000e+00	-5.405907e+10	-1.848158e+10	0.000000e+00	3.512786e+10	-1.023730e+11	0.000000e+00	-1.324658e+11	1.852111e+11	0.000000e+00	
5.961600e+06	-2.417308e+04	-1.380050e+05	0.000000e+00	5.601882e+10	1.386915e+11	0.000000e+00	-5.264839e+10	-2.238271e+10	0.000000e+00	3.797562e+10	-1.013516e+11	0.000000e+00	-1.341498e+11	1.839874e+11	0.000000e+00	
6.048000e+06	-2.361161e+04	-1.421812e+05	0.000000e+00	5.362422e+10	1.396342e+11	0.000000e+00	-5.095913e+10	-2.616540e+10	0.000000e+00	4.079371e+10	-1.002510e+11	0.000000e+00	-1.358226e+11	1.827483e+11	0.000000e+00	
6.134400e+06	-2.297270e+04	-1.464429e+05	0.000000e+00	5.121375e+10	1.405356e+11	0.000000e+00	-4.900130e+10	-2.981019e+10	0.000000e+00	4.357992e+10	-9.907203e+10	0.000000e+00	-1.374839e+11	1.814939e+11	0.000000e+00	
6.220800e+06	-2.225133e+04	-1.507903e+05	0.000000e+00	4.878812e+10	1.413953e+11	0.000000e+00	-4.678619e+10	-3.329847e+10	0.000000e+00	4.633208e+10	-9.781568e+10	0.000000e+00	-1.391338e+11	1.802242e+11	0.000000e+00	
6.307200e+06	-2.144236e+04	-1.552230e+05	0.000000e+00	4.634804e+10	1.422132e+11	0.000000e+00	-4.432632e+10	-3.661254e+10	0.000000e+00	4.904804e+10	-9.648289e+10	0.000000e+00	-1.407719e+11	1.789394e+11	0.000000e+00	
6.393600e+06	-2.054055e+04	-1.597407e+05	0.000000e+00	4.389424e+10	1.429890e+11	0.000000e+00	-4.163535e+10	-3.973574e+10	0.000000e+00	5.172567e+10	-9.507472e+10	0.000000e+00	-1.423982e+11	1.776396e+11	0.000000e+00	
6.480000e+06	-1.954056e+04	-1.643425e+05	0.000000e+00	4.142745e+10	1.437225e+11	0.000000e+00	-3.872802e+10	-4.265244e+10	0.000000e+00	5.436289e+10	-9.359226e+10	0.000000e+00	-1.440126e+11	1.763249e+11	0.000000e+00	
6.566400e+06	-1.843696e+04	-1.690275e+05	0.000000e+00	3.894839e+10	1.444134e+11	0.000000e+00	-3.562003e+10	-4.534816e+10	0.000000e+00	5.695763e+10	-9.203667e+10	0.000000e+00	-1.456149e+11	1.749954e+11	0.000000e+00	
6.652800e+06	-1.722430e+04	-1.737942e+05	0.000000e+00	3.645780e+10	1.450616e+11	0.000000e+00	-3.232801e+10	-4.780958e+10	0.000000e+00	5.950787e+10	-9.040917e+10	0.000000e+00	-1.472050e+11	1.736511e+11	0.000000e+00	
6.739200e+06	-1.589705e+04	-1.786410e+05	0.000000e+00	3.395642e+10	1.456668e+11	0.000000e+00	-2.886938e+10	-5.002460e+10	0.000000e+00	6.201162e+10	-8.871103e+10	0.000000e+00	-1.487827e+11	1.722923e+11	0.000000e+00	
6.825600e+06	-1.444968e+04	-1.835660e+05	0.000000e+00	3.144498e+10	1.462289e+11	0.000000e+00	-2.526230e+10	-5.198241e+10	0.000000e+00	6.446691e+10	-8.694358e+10	0.000000e+00	-1.503479e+11	1.709190e+11	0.000000e+00	
6.912000e+06	-1.287666e+04	-1.885669e+05	0.000000e+00	2.892423e+10	1.467477e+11	0.000000e+00	-2.152558e+10	-5.367345e+10	0.000000e+00	6.687183e+10	-8.510821e+10	0.000000e+00	-1.519005e+11	1.695314e+11	0.000000e+00	
6.998400e+06	-1.117244e+04	-1.936411e+05	0.000000e+00	2.639492e+10	1.472230e+11	0.000000e+00	-1.767860e+10	-5.508954e+10	0.000000e+00	6.922451e+10	-8.320633e+10	0.000000e+00	-1.534403e+11	1.681295e+11	0.000000e+00	
7.084800e+06	-9.331535e+03	-1.987857e+05	0.000000e+00	2.385780e+10	1.476548e+11	0.000000e+00	-1.374118e+10	-5.622382e+10	0.000000e+00	7.152310e+10	-8.123945e+10	0.000000e+00	-1.549672e+11	1.667135e+11	0.000000e+00	
7.171200e+06	-7.348487e+03	-2.039976e+05	0.000000e+00	2.131361e+10	1.480428e+11	0.000000e+00	-9.733539e+09	-5.707081e+10	0.000000e+00	7.376582e+10	-7.920909e+10	0.000000e+00	-1.564811e+11	1.652835e+11	0.000000e+00	
7.257600e+06	-5.217906e+03	-2.092732e+05	0.000000e+00	1.876311e+10	1.483870e+11	0.000000e+00	-5.676210e+09	-5.762643e+10	0.000000e+00	7.595090e+10	-7.711686e+10	0.000000e+00	-1.579819e+11	1.638396e+11	0.000000e+00	
7.344000e+06	-2.934481e+03	-2.146087e+05	0.000000e+00	1.620705e+10	1.486873e+11	0.000000e+00	-1.589916e+09	-5.788801e+10	0.000000e+00	7.807664e+10	-7.496437e+10	0.000000e+00	-1.594694e+11	1.623820e+11	0.000000e+00	
7.430400e+06	-4.930005e+02	-2.199999e+05	0.000000e+00	1.364620e+10	1.489436e+11	0.000000e+00	2.504489e+09	-5.785428e+10	0.000000e+00	8.014138e+10	-7.275331e+10	0.000000e+00	-1.609435e+11	1.609107e+11	0.000000e+00	
7.516800e+06	2.111633e+03	-2.254425e+05	0.000000e+00	1.108131e+10	1.491557e+11	0.000000e+00	6.586116e+09	-5.752539e+10	0.000000e+00	8.214352e+10	-7.048542e+10	0.000000e+00	-1.624040e+11	1.594259e+11	0.000000e+00	
7.603200e+06	4.884385e+03	-2.309316e+05	0.000000e+00	8.513130e+09	1.493237e+11	0.000000e+00	1.063413e+10	-5.690291e+10	0.000000e+00	8.408147e+10	-6.816246e+10	0.000000e+00	-1.638509e+11	1.579276e+11	0.000000e+00	
7.689600e+06	7.830072e+03	-2.364622e+05	0.000000e+00	5.942434e+09	1.494475e+11	0.000000e+00	1.462783e+10	-5.598981e+10	0.000000e+00	8.595374e+10	-6.578625e+10	0.000000e+00	-1.652841e+11	1.564161e+11	0.000000e+00	
7.776000e+06	1.095335e+04	-2.420290e+05	0.000000e+00	3.369978e+09	1.495270e+11	0.000000e+00	1.854676e+10	-5.479048e+10	0.000000e+00	8.775886e+10	-6.335864e+10	0.000000e+00	-1.667033e+11	1.548915e+11	0.000000e+00	
7.862400e+06	1.425868e+04	-2.476264e+05	0.000000e+00	7.965235e+08	1.495622e+11	0.000000e+00	2.237075e+10	-5.331070e+10	0.000000e+00	8.949542e+10	-6.088154e+10	0.000000e+00	-1.681085e+11	1.533538e+11	0.000000e+00	
7.948800e+06	1.775034e+04	-2.532483e+05	0.000000e+00	-1.777166e+09	1.495531e+11	0.000000e+00	2.608005e+10	-5.155760e+10	0.000000e+00	9.116206e+10	-5.835687e+10	0.000000e+00	-1.694996e+11	1.518032e+11	0.000000e+00	
8.035200e+06	2.143239e+04	-2.588887e+05	0.000000e+00	-4.350330e+09	1.494998e+11	0.000000e+00	2.965539e+10	-4.953969e+10	0.000000e+00	9.275749e+10	-5.578662e+10	0.000000e+00	-1.708764e+11	1.502399e+11	0.000000e+00	
8.121600e+06	2.530865e+04	-2.645410e+05	0.000000e+00	-6.922205e+09	1.494022e+11	0.000000e+00	3.307809e+10	-4.726678e+10	0.000000e+00	9.428045e+10	-5.317278e+10	0.000000e+00	-1.722389e+11	1.486639e+11	0.000000e+00	
8.208000e+06	2.938270e+04	-2.701986e+05	0.000000e+00	-9.492031e+09	1.492603e+11	0.000000e+00	3.633012e+10	-4.475000e+10	0.000000e+00	9.572976e+10	-5.051740e+10	0.000000e+00	-1.735869e+11	1.470754e+11	0.000000e+00	
8.294400e+06	3.365786e+04	-2.758545e+05	0.000000e+00	-1.205905e+10	1.490743e+11	0.000000e+00	3.939421e+10	-4.200172e+10	0.000000e+00	9.710428e+10	-4.782256e+10	0.000000e+00	-1.749202e+11	1.454746e+11	0.000000e+00	
8.380800e+06	3.813715e+04	-2.815014e+05	0.000000e+00	-1.462249e+10	1.488441e+11	0.000000e+00	4.225391e+10	-3.903553e+10	0.000000e+00	9.840294e+10	-4.509036e+10	0.000000e+00	-1.762389e+11	1.438615e+11	0.000000e+00	
8.467200e+06	4.282334e+04	-2.871321e+05	0.000000e+00	-1.718160e+10	1.485698e+11	0.000000e+00	4.489371e+10	-3.586618e+10	0.000000e+00	9.962473e+10	-4.232294e+10	0.000000e+00	-1.775427e+11	1.422363e+11	0.000000e+00	
8.553600e+06	4.771884e+04	-2.927387e+05	0.000000e+00	-1.973563e+10	1.482516e+11	0.000000e+00	4.729909e+10	-3.250954e+10	0.000000e+00	1.007687e+11	-3.952245e+10	0.000000e+00	-1.788316e+11	1.405991e+11	0.000000e+00	
8.640000e+06	5.282577e+04	-2.983135e+05	0.000000e+00	-2.228381e+10	1.478894e+11	0.000000e+00	4.945660e+10	-2.898256e+10	0.000000e+00	1.018339e+11	-3.669109e+10	0.000000e+00	-1.801054e+11	1.389501e+11	0.000000e+00	
8.726400e+06	5.814590e+04	-3.038485e+05	0.000000e+00	-2.482539e+10	1.474834e+11	0.000000e+00	5.135400e+10	-2.530313e+10	0.000000e+00	1.028196e+11	-3.383107e+10	0.000000e+00	-1.813641e+11	1.372895e+11	0.000000e+00	
8.812800e+06	6.368065e+04	-3.093354e+05	0.000000e+00	-2.735962e+10	1.470338e+11	0.000000e+00	5.298024e+10	-2.149010e+10	0.000000e+00	1.037250e+11	-3.094462e+10	0.000000e+00	-1.826075e+11	1.356172e+11	0.000000e+00	
8.899200e+06	6.943107e+04	-3.147659e+05	0.000000e+00	-2.988575e+10	1.465406e+11	0.000000e+00	5.432562e+10	-1.756316e+10	0.000000e+00	1.045494e+11	-2.803399e+10	0.000000e+00	-1.838356e+11	1.339335e+11	0.000000e+00	
8.985600e+06	7.539783e+04	-3.201316e+05	0.000000e+00	-3.240302e+10	1.460040e+11	0.000000e+00	5.538182e+10	-1.354272e+10	0.000000e+00	1.052920e+11	-2.510147e+10	0.000000e+00	-1.850481e+11	1.322386e+11	0.000000e+00	
9.072000e+06	8.158123e+04	-3.254238e+05	0.000000e+00	-3.491070e+10	1.454241e+11	0.000000e+00	5.614195e+10	-9.449881e+09	0.000000e+00	1.059525e+11	-2.214934e+10	0.000000e+00	-1.862451e+11	1.305325e+11	0.000000e+00	
9.158400e+06	8.798116e+04	-3.306339e+05	0.000000e+00	-3.740804e+10	1.448012e+11	0.000000e+00	5.660067e+10	-5.306314e+09	0.000000e+00	1.065301e+11	-1.917990e+10	0.000000e+00	-1.874264e+11	1.288155e+11	0.000000e+00	
9.244800e+06	9.459708e+04	-3.357531e+05	0.000000e+00	-3.989430e+10	1.441354e+11	0.000000e+00	5.675418e+10	-1.134134e+09	0.000000e+00	1.070245e+11	-1.619548e+10	0.000000e+00	-1.885919e+11	1.270876e+11	0.000000e+00	
9.331200e+06	1.014281e+05	-3.407726e+05	0.000000e+00	-4.236875e+10	1.434270e+11	0.000000e+00	5.660029e+10	3.044187e+09	0.000000e+00	1.074354e+11	-1.319841e+10	0.000000e+00	-1.897415e+11	1.253489e+11	0.000000e+00	
9.417600e+06	1.084728e+05	-3.456836e+05	0.000000e+00	-4.483064e+10	1.426760e+11	0.000000e+00	5.613850e+10	7.205944e+09	0.000000e+00	1.077623e+11	-1.019104e+10	0.000000e+00	-1.908752e+11	1.235997e+11	0.000000e+00	
9.504000e+06	1.157294e+05	-3.504773e+05	0.000000e+00	-4.727926e+10	1.418828e+11	0.000000e+00	5.536996e+10	1.132833e+10	0.000000e+00	1.080050e+11	-7.175696e+09	0.000000e+00	-1.919927e+11	1.218402e+11	0.000000e+00	
9.590400e+06	1.231957e+05	-3.551449e+05	0.000000e+00	-4.971388e+10	1.410476e+11	0.000000e+00	5.429755e+10	1.538854e+10	0.000000e+00	1.081634e+11	-4.154751e+09	0.000000e+00	-1.930941e+11	1.200703e+11	0.000000e+00	
9.676800e+06	1.308690e+05	-3.596776e+05	0.000000e+00	-5.213377e+10	1.401705e+11	0.000000e+00	5.292588e+10	1.936393e+10	0.000000e+00	1.082372e+11	-1.130561e+09	0.000000e+00	-1.941792e+11	1.182903e+11	0.000000e+00	
9.763200e+06	1.387463e+05	-3.640667e+05	0.000000e+00	-5.453822e+10	1.392520e+11	0.000000e+00	5.126128e+10	2.323215e+10	0.000000e+00	1.082265e+11	1.894512e+09	0.000000e+00	-1.952479e+11	1.165004e+11	0.000000e+00	
9.849600e+06	1.468239e+05	-3.683037e+05	0.000000e+00	-5.692651e+10	1.382922e+11	0.000000e+00	4.931180e+10	2.697125e+10	0.000000e+00	1.081313e+11	4.918105e+09	0.000000e+00	-1.963002e+11	1.147006e+11	0.000000e+00	
9.936000e+06	1.550981e+05	-3.723803e+05	0.000000e+00	-5.929795e+10	1.372915e+11	0.000000e+00	4.708718e+10	3.055986e+10	0.000000e+00	1.079516e+11	7.937856e+09	0.000000e+00	-1.973360e+11	1.128912e+11	0.000000e+00	
1.002240e+07	1.635643e+05	-3.762879e+05	0.000000e+00	-6.165182e+10	1.362501e+11	0.000000e+00	4.459884e+10	3.397731e+10	0.000000e+00	1.076876e+11	1.095141e+10	0.000000e+00	-1.983551e+11	1.110722e+11	0.000000e+00	
1.010880e+07	1.722178e+05	-3.800188e+05	0.000000e+00	-6.398742e+10	1.351683e+11	0.000000e+00	4.185980e+10	3.720377e+10	0.000000e+00	1.073394e+11	1.395640e+10	0.000000e+00	-1.993574e+11	1.092439e+11	0.000000e+00	
1.019520e+07	1.810534e+05	-3.835648e+05	0.000000e+00	-6.630408e+10	1.340465e+11	0.000000e+00	3.888467e+10	4.022039e+10	0.000000e+00	1.069074e+11	1.695049e+10	0.000000e+00	-2.003430e+11	1.074063e+11	0.000000e+00	
1.028160e+07	1.900655e+05	-3.869185e+05	0.000000e+00	-6.860110e+10	1.328850e+11	0.000000e+00	3.568951e+10	4.300942e+10	0.000000e+00	1.063919e+11	1.993134e+10	0.000000e+00	-2.013116e+11	1.055597e+11	0.000000e+00	
1.036800e+07	1.992482e+05	-3.900725e+05	0.000000e+00	-7.087779e+10	1.316842e+11	0.000000e+00	3.229182e+10	4.555438e+10	0.000000e+00	1.057932e+11	2.289662e+10	0.000000e+00	-2.022633e+11	1.037043e+11	0.000000e+00	
1.045440e+07	2.085951e+05	-3.930197e+05	0.000000e+00	-7.313349e+10	1.304443e+11	0.000000e+00	2.871038e+10	4.784011e+10	0.000000e+00	1.051120e+11	2.584402e+10	0.000000e+00	-2.031979e+11	1.018400e+11	0.000000e+00	
1.054080e+07	2.180995e+05	-3.957533e+05	0.000000e+00	-7.536753e+10	1.291658e+11	0.000000e+00	2.496518e+10	4.985296e+10	0.000000e+00	1.043486e+11	2.877122e+10	0.000000e+00	-2.041154e+11	9.996717e+10	0.000000e+00	
1.062720e+07	2.277546e+05	-3.982669e+05	0.000000e+00	-7.757924e+10	1.278490e+11	0.000000e+00	2.107727e+10	5.158085e+10	0.000000e+00	1.035037e+11	3.167595e+10	0.000000e+00	-2.050157e+11	9.808589e+10	0.000000e+00	
1.071360e+07	2.375531e+05	-4.005546e+05	0.000000e+00	-7.976797e+10	1.264943e+11	0.000000e+00	1.706867e+10	5.301337e+10	0.000000e+00	1.025779e+11	3.455593e+10	0.000000e+00	-2.058986e+11	9.619634e+10	0.000000e+00	
1.080000e+07	2.474874e+05	-4.026105e+05	0.000000e+00	-8.193307e+10	1.251022e+11	0.000000e+00	1.296219e+10	5.414186e+10	0.000000e+00	1.015720e+11	3.740892e+10	0.000000e+00	-2.067642e+11	9.429867e+10	0.000000e+00	
1.088640e+07	2.575497e+05	-4.044294e+05	0.000000e+00	-8.407390e+10	1.236731e+11	0.000000e+00	8.781285e+09	5.495948e+10	0.000000e+00	1.004868e+11	4.023269e+10	0.000000e+00	-2.076123e+11	9.239304e+10	0.000000e+00	
1.097280e+07	2.677321e+05	-4.060064e+05	0.000000e+00	-8.618982e+10	1.222072e+11	0.000000e+00	4.549921e+09	5.546130e+10	0.000000e+00	9.932308e+10	4.302502e+10	0.000000e+00	-2.084429e+11	9.047960e+10	0.000000e+00	
1.105920e+07	2.780264e+05	-4.073370e+05	0.000000e+00	-8.828021e+10	1.207052e+11	0.000000e+00	2.924016e+08	5.564426e+10	0.000000e+00	9.808175e+10	4.578374e+10	0.000000e+00	-2.092558e+11	8.855853e+10	0.000000e+00	
1.114560e+07	2.884242e+05	-4.084171e+05	0.000000e+00	-9.034445e+10	1.191675e+11	0.000000e+00	-3.966798e+09	5.550727e+10	0.000000e+00	9.676380e+10	4.850670e+10	0.000000e+00	-2.100512e+11	8.662998e+10	0.000000e+00	
1.123200e+07	2.989173e+05	-4.092431e+05	0.000000e+00	-9.238193e+10	1.175944e+11	0.000000e+00	-8.203192e+09	5.505119e+10	0.000000e+00	9.537026e+10	5.119176e+10	0.000000e+00	-2.108287e+11	8.469411e+10	0.000000e+00	
1.131840e+07	3.094969e+05	-4.098117e+05	0.000000e+00	-9.439204e+10	1.159865e+11	0.000000e+00	-1.239245e+10	5.427881e+10	0.000000e+00	9.390221e+10	5.383683e+10	0.000000e+00	-2.115885e+11	8.275109e+10	0.000000e+00	
1.140480e+07	3.201545e+05	-4.101202e+05	0.000000e+00	-9.637418e+10	1.143442e+11	0.000000e+00	-1.651057e+10	5.319484e+10	0.000000e+00	9.236081e+10	5.643984e+10	0.000000e+00	-2.123304e+11	8.080108e+10	0.000000e+00	
1.149120e+07	3.308815e+05	-4.101662e+05	0.000000e+00	-9.832777e+10	1.126680e+11	0.000000e+00	-2.053403e+10	5.180589e+10	0.000000e+00	9.074725e+10	5.899876e+10	0.000000e+00	-2.130543e+11	7.884424e+10	0.000000e+00	
1.157760e+07	3.416693e+05	-4.099478e+05	0.000000e+00	-1.002522e+11	1.109585e+11	0.000000e+00	-2.443994e+10	5.012037e+10	0.000000e+00	8.906279e+10	6.151158e+10	0.000000e+00	-2.137603e+11	7.688074e+10	0.000000e+00	
1.166400e+07	3.525091e+05	-4.094633e+05	0.000000e+00	-1.021470e+11	1.092161e+11	0.000000e+00	-2.820621e+10	4.814848e+10	0.000000e+00	8.730876e+10	6.397635e+10	0.000000e+00	-2.144482e+11	7.491074e+10	0.000000e+00	
1.175040e+07	3.633924e+05	-4.087117e+05	0.000000e+00	-1.040115e+11	1.074414e+11	0.000000e+00	-3.181165e+10	4.590207e+10	0.000000e+00	8.548652e+10	6.639114e+10	0.000000e+00	-2.151179e+11	7.293442e+10	0.000000e+00	
1.183680e+07	3.743108e+05	-4.076922e+05	0.000000e+00	-1.058452e+11	1.056348e+11	0.000000e+00	-3.523617e+10	4.339459e+10	0.000000e+00	8.359749e+10	6.875406e+10	0.000000e+00	-2.157695e+11	7.095192e+10	0.000000e+00	
1.192320e+07	3.852558e+05	-4.064044e+05	0.000000e+00	-1.076475e+11	1.037969e+11	0.000000e+00	-3.846083e+10	4.064098e+10	0.000000e+00	8.164315e+10	7.106327e+10	0.000000e+00	-2.164028e+11	6.896343e+10	0.000000e+00	
1.200960e+07	3.962192e+05	-4.048484e+05	0.000000e+00	-1.094180e+11	1.019283e+11	0.000000e+00	-4.146800e+10	3.765756e+10	0.000000e+00	7.962502e+10	7.331695e+10	0.000000e+00	-2.170178e+11	6.696910e+10	0.000000e+00	
1.209600e+07	4.071927e+05	-4.030243e+05	0.000000e+00	-1.111560e+11	1.000294e+11	0.000000e+00	-4.424143e+10	3.446187e+10	0.000000e+00	7.754469e+10	7.551336e+10	0.000000e+00	-2.176145e+11	6.496911e+10	0.000000e+00	
1.218240e+07	4.181684e+05	-4.009329e+05	0.000000e+00	-1.128611e+11	9.810097e+10	0.000000e+00	-4.676635e+10	3.107260e+10	0.000000e+00	7.540377e+10	7.765077e+10	0.000000e+00	-2.181928e+11	6.296363e+10	0.000000e+00	
1.226880e+07	4.291385e+05	-3.985751e+05	0.000000e+00	-1.145327e+11	9.614343e+10	0.000000e+00	-4.902953e+10	2.750943e+10	0.000000e+00	7.320394e+10	7.972751e+10	0.000000e+00	-2.187526e+11	6.095282e+10	0.000000e+00	
1.235520e+07	4.400953e+05	-3.959522e+05	0.000000e+00	-1.161704e+11	9.415742e+10	0.000000e+00	-5.101936e+10	2.379288e+10	0.000000e+00	7.094692e+10	8.174196e+10	0.000000e+00	-2.192939e+11	5.893686e+10	0.000000e+00	
1.244160e+07	4.510314e+05	-3.930656e+05	0.000000e+00	-1.177737e+11	9.214351e+10	0.000000e+00	-5.272587e+10	1.994421e+10	0.000000e+00	6.863446e+10	8.369254e+10	0.000000e+00	-2.198166e+11	5.691590e+10	0.000000e+00	
1.252800e+07	4.619395e+05	-3.899171e+05	0.000000e+00	-1.193421e+11	9.010229e+10	0.000000e+00	-5.414079e+10	1.598524e+10	0.000000e+00	6.626838e+10	8.557773e+10	0.000000e+00	-2.203208e+11	5.489014e+10	0.000000e+00	
1.261440e+07	4.728127e+05	-3.865086e+05	0.000000e+00	-1.208752e+11	8.803438e+10	0.000000e+00	-5.525756e+10	1.193823e+10	0.000000e+00	6.385053e+10	8.739606e+10	0.000000e+00	-2.208063e+11	5.285972e+10	0.000000e+00	
1.270080e+07	4.836441e+05	-3.828424e+05	0.000000e+00	-1.223724e+11	8.594039e+10	0.000000e+00	-5.607133e+10	7.825769e+09	0.000000e+00	6.138279e+10	8.914610e+10	0.000000e+00	-2.212731e+11	5.082483e+10	0.000000e+00	
1.278720e+07	4.944271e+05	-3.789206e+05	0.000000e+00	-1.238334e+11	8.382094e+10	0.000000e+00	-5.657899e+10	3.670580e+09	0.000000e+00	5.886708e+10	9.082650e+10	0.000000e+00	-2.217212e+11	4.878564e+10	0.000000e+00	
1.287360e+07	5.051555e+05	-3.747459e+05	0.000000e+00	-1.252577e+11	8.167665e+10	0.000000e+00	-5.677912e+10	-5.045629e+08	0.000000e+00	5.630539e+10	9.243592e+10	0.000000e+00	-2.221505e+11	4.674232e+10	0.000000e+00	
1.296000e+07	5.158229e+05	-3.703209e+05	0.000000e+00	-1.266448e+11	7.950816e+10	0.000000e+00	-5.667198e+10	-4.676977e+09	0.000000e+00	5.369969e+10	9.397312e+10	0.000000e+00	-2.225610e+11	4.469504e+10	0.000000e+00	
1.304640e+07	5.264236e+05	-3.656484e+05	0.000000e+00	-1.279945e+11	7.731611e+10	0.000000e+00	-5.625951e+10	-8.824194e+09	0.000000e+00	5.105204e+10	9.543689e+10	0.000000e+00	-2.229526e+11	4.264398e+10	0.000000e+00	
1.313280e+07	5.369518e+05	-3.607312e+05	0.000000e+00	-1.293062e+11	7.510115e+10	0.000000e+00	-5.554525e+10	-1.292408e+10	0.000000e+00	4.836450e+10	9.682609e+10	0.000000e+00	-2.233254e+11	4.058930e+10	0.000000e+00	
1.321920e+07	5.474022e+05	-3.555724e+05	0.000000e+00	-1.305796e+11	7.286394e+10	0.000000e+00	-5.453429e+10	-1.695493e+10	0.000000e+00	4.563917e+10	9.813963e+10	0.000000e+00	-2.236792e+11	3.853119e+10	0.000000e+00	
1.330560e+07	5.577693e+05	-3.501749e+05	0.000000e+00	-1.318143e+11	7.060515e+10	0.000000e+00	-5.323328e+10	-2.089560e+10	0.000000e+00	4.287818e+10	9.937648e+10	0.000000e+00	-2.240141e+11	3.646981e+10	0.000000e+00	
1.339200e+07	5.680482e+05	-3.445418e+05	0.000000e+00	-1.330100e+11	6.832543e+10	0.000000e+00	-5.165028e+10	-2.472560e+10	0.000000e+00	4.008368e+10	1.005357e+11	0.000000e+00	-2.243300e+11	3.440534e+10	0.000000e+00	
1.347840e+07	5.782340e+05	-3.386764e+05	0.000000e+00	-1.341662e+11	6.602546e+10	0.000000e+00	-4.979478e+10	-2.842514e+10	0.000000e+00	3.725786e+10	1.016163e+11	0.000000e+00	-2.246269e+11	3.233795e+10	0.000000e+00	
1.356480e+07	5.883221e+05	-3.325818e+05	0.000000e+00	-1.352827e+11	6.370594e+10	0.000000e+00	-4.767756e+10	-3.197528e+10	0.000000e+00	3.440293e+10	1.026176e+11	0.000000e+00	-2.249048e+11	3.026782e+10	0.000000e+00	
1.365120e+07	5.983080e+05	-3.262611e+05	0.000000e+00	-1.363591e+11	6.136754e+10	0.000000e+00	-4.531067e+10	-3.535799e+10	0.000000e+00	3.152111e+10	1.035386e+11	0.000000e+00	-2.251636e+11	2.819513e+10	0.000000e+00	
1.373760e+07	6.081875e+05	-3.197177e+05	0.000000e+00	-1.373952e+11	5.901095e+10	0.000000e+00	-4.270734e+10	-3.855620e+10	0.000000e+00	2.861466e+10	1.043788e+11	0.000000e+00	-2.254033e+11	2.612005e+10	0.000000e+00	
1.382400e+07	6.179563e+05	-3.129546e+05	0.000000e+00	-1.383905e+11	5.663688e+10	0.000000e+00	-3.988188e+10	-4.155386e+10	0.000000e+00	2.568586e+10	1.051373e+11	0.000000e+00	-2.256238e+11	2.404275e+10	0.000000e+00	
1.391040e+07	6.276107e+05	-3.059752e+05	0.000000e+00	-1.393447e+11	5.424602e+10	0.000000e+00	-3.684962e+10	-4.433607e+10	0.000000e+00	2.273698e+10	1.058137e+11	0.000000e+00	-2.258253e+11	2.196342e+10	0.000000e+00	
1.399680e+07	6.371467e+05	-2.987825e+05	0.000000e+00	-1.402577e+11	5.183910e+10	0.000000e+00	-3.362682e+10	-4.688904e+10	0.000000e+00	1.977033e+10	1.064075e+11	0.000000e+00	-2.260076e+11	1.988222e+10	0.000000e+00	
1.408320e+07	6.465607e+05	-2.913797e+05	0.000000e+00	-1.411292e+11	4.941681e+10	0.000000e+00	-3.023061e+10	-4.920019e+10	0.000000e+00	1.678823e+10	1.069180e+11	0.000000e+00	-2.261707e+11	1.779933e+10	0.000000e+00	
1.416960e+07	6.558492e+05	-2.837699e+05	0.000000e+00	-1.419588e+11	4.697988e+10	0.000000e+00	-2.667885e+10	-5.125822e+10	0.000000e+00	1.379301e+10	1.073450e+11	0.000000e+00	-2.263146e+11	1.571494e+10	0.000000e+00	
1.425600e+07	6.650088e+05	-2.759562e+05	0.000000e+00	-1.427464e+11	4.452903e+10	0.000000e+00	-2.299012e+10	-5.305306e+10	0.000000e+00	1.078702e+10	1.076882e+11	0.000000e+00	-2.264394e+11	1.362921e+10	0.000000e+00	
1.434240e+07	6.740363e+05	-2.679417e+05	0.000000e+00	-1.434916e+11	4.206498e+10	0.000000e+00	-1.918355e+10	-5.457601e+10	0.000000e+00	7.772591e+09	1.079471e+11	0.000000e+00	-2.265449e+11	1.154232e+10	0.000000e+00	
1.442880e+07	6.829284e+05	-2.597293e+05	0.000000e+00	-1.441944e+11	3.958847e+10	0.000000e+00	-1.527881e+10	-5.581966e+10	0.000000e+00	4.752091e+09	1.081217e+11	0.000000e+00	-2.266312e+11	9.454456e+09	0.000000e+00	
1.451520e+07	6.916821e+05	-2.513219e+05	0.000000e+00	-1.448544e+11	3.710023e+10	0.000000e+00	-1.129597e+10	-5.677802e+10	0.000000e+00	1.727878e+09	1.082118e+11	0.000000e+00	-2.266982e+11	7.365789e+09	0.000000e+00	
1.460160e+07	7.002944e+05	-2.427224e+05	0.000000e+00	-1.454715e+11	3.460100e+10	0.000000e+00	-7.255451e+09	-5.744644e+10	0.000000e+00	-1.297685e+09	1.082173e+11	0.000000e+00	-2.267460e+11	5.276496e+09	0.000000e+00	
1.468800e+07	7.087624e+05	-2.339336e+05	0.000000e+00	-1.460455e+11	3.209151e+10	0.000000e+00	-3.177899e+09	-5.782170e+10	0.000000e+00	-4.322234e+09	1.081383e+11	0.000000e+00	-2.267745e+11	3.186755e+09	0.000000e+00	
1.477440e+07	7.170832e+05	-2.249582e+05	0.000000e+00	-1.465762e+11	2.957251e+10	0.000000e+00	9.158695e+08	-5.790197e+10	0.000000e+00	-7.343403e+09	1.079747e+11	0.000000e+00	-2.267838e+11	1.096744e+09	0.000000e+00	
1.486080e+07	7.252541e+05	-2.157990e+05	0.000000e+00	-1.470635e+11	2.704476e+10	0.000000e+00	5.004969e+09	-5.768685e+10	0.000000e+00	-1.035883e+10	1.077268e+11	0.000000e+00	-2.267738e+11	-9.933598e+08	0.000000e+00	
1.494720e+07	7.332723e+05	-2.064584e+05	0.000000e+00	-1.475072e+11	2.450898e+10	0.000000e+00	9.068531e+09	-5.717735e+10	0.000000e+00	-1.336617e+10	1.073946e+11	0.000000e+00	-2.267446e+11	-3.083379e+09	0.000000e+00	
1.503360e+07	7.411352e+05	-1.969392e+05	0.000000e+00	-1.479072e+11	2.196595e+10	0.000000e+00	1.308579e+10	-5.637590e+10	0.000000e+00	-1.636305e+10	1.069785e+11	0.000000e+00	-2.266961e+11	-5.173137e+09	0.000000e+00	
1.512000e+07	7.488399e+05	-1.872437e+05	0.000000e+00	-1.482633e+11	1.941640e+10	0.000000e+00	1.703618e+10	-5.528631e+10	0.000000e+00	-1.934715e+10	1.064788e+11	0.000000e+00	-2.266283e+11	-7.262455e+09	0.000000e+00	
1.520640e+07	7.563840e+05	-1.773743e+05	0.000000e+00	-1.485756e+11	1.686110e+10	0.000000e+00	2.089939e+10	-5.391384e+10	0.000000e+00	-2.231612e+10	1.058958e+11	0.000000e+00	-2.265413e+11	-9.351155e+09	0.000000e+00	
1.529280e+07	7.637647e+05	-1.673335e+05	0.000000e+00	-1.488438e+11	1.430081e+10	0.000000e+00	2.465551e+10	-5.226508e+10	0.000000e+00	-2.526765e+10	1.052301e+11	0.000000e+00	-2.264350e+11	-1.143906e+10	0.000000e+00	
1.537920e+07	7.709794e+05	-1.571235e+05	0.000000e+00	-1.490679e+11	1.173628e+10	0.000000e+00	2.828507e+10	-5.034802e+10	0.000000e+00	-2.819943e+10	1.044822e+11	0.000000e+00	-2.263095e+11	-1.352599e+10	0.000000e+00	
1.546560e+07	7.780254e+05	-1.467464e+05	0.000000e+00	-1.492478e+11	9.168270e+09	0.000000e+00	3.176912e+10	-4.817195e+10	0.000000e+00	-3.110917e+10	1.036526e+11	0.000000e+00	-2.261647e+11	-1.561178e+10	0.000000e+00	
1.555200e+07	7.849000e+05	-1.362046e+05	0.000000e+00	-1.493835e+11	6.597544e+09	0.000000e+00	3.508936e+10	-4.574750e+10	0.000000e+00	-3.399459e+10	1.027419e+11	0.000000e+00	-2.260007e+11	-1.769623e+10	0.000000e+00	
1.563840e+07	7.916006e+05	-1.255000e+05	0.000000e+00	-1.494749e+11	4.024863e+09	0.000000e+00	3.822822e+10	-4.308656e+10	0.000000e+00	-3.685344e+10	1.017509e+11	0.000000e+00	-2.258175e+11	-1.977918e+10	0.000000e+00	
1.572480e+07	7.981243e+05	-1.146348e+05	0.000000e+00	-1.495221e+11	1.450989e+09	0.000000e+00	4.116891e+10	-4.020226e+10	0.000000e+00	-3.968348e+10	1.006805e+11	0.000000e+00	-2.256150e+11	-2.186045e+10	0.000000e+00	
1.581120e+07	8.044683e+05	-1.036110e+05	0.000000e+00	-1.495249e+11	-1.123315e+09	0.000000e+00	4.389552e+10	-3.710890e+10	0.000000e+00	-4.248250e+10	9.953126e+10	0.000000e+00	-2.253934e+11	-2.393986e+10	0.000000e+00	
1.589760e+07	8.106298e+05	-9.243048e+04	0.000000e+00	-1.494835e+11	-3.697285e+09	0.000000e+00	4.639313e+10	-3.382195e+10	0.000000e+00	-4.524831e+10	9.830426e+10	0.000000e+00	-2.251526e+11	-2.601723e+10	0.000000e+00	
1.598400e+07	8.166058e+05	-8.109529e+04	0.000000e+00	-1.493977e+11	-6.270161e+09	0.000000e+00	4.864786e+10	-3.035793e+10	0.000000e+00	-4.797875e+10	9.700042e+10	0.000000e+00	-2.248926e+11	-2.809239e+10	0.000000e+00	
1.607040e+07	8.223933e+05	-6.960731e+04	0.000000e+00	-1.492677e+11	-8.841178e+09	0.000000e+00	5.064699e+10	-2.673441e+10	0.000000e+00	-5.067168e+10	9.562075e+10	0.000000e+00	-2.246135e+11	-3.016515e+10	0.000000e+00	
1.615680e+07	8.279892e+05	-5.796847e+04	0.000000e+00	-1.490934e+11	-1.140957e+10	0.000000e+00	5.237899e+10	-2.296987e+10	0.000000e+00	-5.332500e+10	9.416634e+10	0.000000e+00	-2.243153e+11	-3.223535e+10	0.000000e+00	
1.624320e+07	8.333902e+05	-4.618067e+04	0.000000e+00	-1.488749e+11	-1.397459e+10	0.000000e+00	5.383362e+10	-1.908370e+10	0.000000e+00	-5.593664e+10	9.263831e+10	0.000000e+00	-2.239980e+11	-3.430281e+10	0.000000e+00	
1.632960e+07	8.385931e+05	-3.424583e+04	0.000000e+00	-1.486124e+11	-1.653547e+10	0.000000e+00	5.500200e+10	-1.509605e+10	0.000000e+00	-5.850455e+10	9.103786e+10	0.000000e+00	-2.236616e+11	-3.636734e+10	0.000000e+00	
1.641600e+07	8.435943e+05	-2.216588e+04	0.000000e+00	-1.483058e+11	-1.909144e+10	0.000000e+00	5.587670e+10	-1.102780e+10	0.000000e+00	-6.102672e+10	8.936624e+10	0.000000e+00	-2.233062e+11	-3.842878e+10	0.000000e+00	
1.650240e+07	8.483904e+05	-9.942781e+03	0.000000e+00	-1.479552e+11	-2.164176e+10	0.000000e+00	5.645175e+10	-6.900405e+09	0.000000e+00	-6.350118e+10	8.762476e+10	0.000000e+00	-2.229318e+11	-4.048694e+10	0.000000e+00	
1.658880e+07	8.529776e+05	2.421456e+03	0.000000e+00	-1.475609e+11	-2.418567e+10	0.000000e+00	5.672275e+10	-2.735847e+09	0.000000e+00	-6.592600e+10	8.581478e+10	0.000000e+00	-2.225383e+11	-4.254166e+10	0.000000e+00	
1.667520e+07	8.573522e+05	1.492476e+04	0.000000e+00	-1.471228e+11	-2.672240e+10	0.000000e+00	5.668691e+10	1.443511e+09	0.000000e+00	-6.829928e+10	8.393771e+10	0.000000e+00	-2.221259e+11	-4.459275e+10	0.000000e+00	
1.676160e+07	8.615101e+05	2.756499e+04	0.000000e+00	-1.466410e+11	-2.925123e+10	0.000000e+00	5.634305e+10	5.615026e+09	0.000000e+00	-7.061916e+10	8.199502e+10	0.000000e+00	-2.216946e+11	-4.664005e+10	0.000000e+00	
1.684800e+07	8.654474e+05	4.033990e+04	0.000000e+00	-1.461159e+11	-3.177138e+10	0.000000e+00	5.569169e+10	9.755897e+09	0.000000e+00	-7.288383e+10	7.998823e+10	0.000000e+00	-2.212444e+11	-4.868336e+10	0.000000e+00	
1.693440e+07	8.691597e+05	5.324714e+04	0.000000e+00	-1.455474e+11	-3.428212e+10	0.000000e+00	5.473506e+10	1.384329e+10	0.000000e+00	-7.509153e+10	7.791890e+10	0.000000e+00	-2.207754e+11	-5.072254e+10	0.000000e+00	
1.702080e+07	8.726428e+05	6.628425e+04	0.000000e+00	-1.449359e+11	-3.678270e+10	0.000000e+00	5.347711e+10	1.785447e+10	0.000000e+00	-7.724051e+10	7.578865e+10	0.000000e+00	-2.202875e+11	-5.275738e+10	0.000000e+00	
1.710720e+07	8.758920e+05	7.944860e+04	0.000000e+00	-1.442813e+11	-3.927238e+10	0.000000e+00	5.192351e+10	2.176695e+10	0.000000e+00	-7.932911e+10	7.359916e+10	0.000000e+00	-2.197808e+11	-5.478773e+10	0.000000e+00	
1.719360e+07	8.789029e+05	9.273740e+04	0.000000e+00	-1.435841e+11	-4.175042e+10	0.000000e+00	5.008166e+10	2.555858e+10	0.000000e+00	-8.135569e+10	7.135212e+10	0.000000e+00	-2.192554e+11	-5.681341e+10	0.000000e+00	
1.728000e+07	8.816705e+05	1.061477e+05	0.000000e+00	-1.428442e+11	-4.421609e+10	0.000000e+00	4.796068e+10	2.920776e+10	0.000000e+00	-8.331866e+10	6.904929e+10	0.000000e+00	-2.187114e+11	-5.883425e+10	0.000000e+00	
1.736640e+07	8.841901e+05	1.196763e+05	0.000000e+00	-1.420621e+11	-4.666867e+10	0.000000e+00	4.557136e+10	3.269352e+10	0.000000e+00	-8.521649e+10	6.669248e+10	0.000000e+00	-2.181486e+11	-6.085007e+10	0.000000e+00	
1.745280e+07	8.864567e+05	1.333198e+05	0.000000e+00	-1.412378e+11	-4.910741e+10	0.000000e+00	4.292613e+10	3.599569e+10	0.000000e+00	-8.704769e+10	6.428353e+10	0.000000e+00	-2.175673e+11	-6.286070e+10	0.000000e+00	
1.753920e+07	8.884651e+05	1.470745e+05	0.000000e+00	-1.403717e+11	-5.153160e+10	0.000000e+00	4.003900e+10	3.909501e+10	0.000000e+00	-8.881083e+10	6.182432e+10	0.000000e+00	-2.169674e+11	-6.486596e+10	0.000000e+00	
1.762560e+07	8.902103e+05	1.609367e+05	0.000000e+00	-1.394641e+11	-5.394052e+10	0.000000e+00	3.692552e+10	4.197330e+10	0.000000e+00	-9.050454e+10	5.931677e+10	0.000000e+00	-2.163490e+11	-6.686569e+10	0.000000e+00	
1.771200e+07	8.916869e+05	1.749020e+05	0.000000e+00	-1.385151e+11	-5.633346e+10	0.000000e+00	3.360264e+10	4.461358e+10	0.000000e+00	-9.212748e+10	5.676285e+10	0.000000e+00	-2.157121e+11	-6.885972e+10	0.000000e+00	
1.779840e+07	8.928898e+05	1.889660e+05	0.000000e+00	-1.375250e+11	-5.870971e+10	0.000000e+00	3.008870e+10	4.700018e+10	0.000000e+00	-9.367840e+10	5.416454e+10	0.000000e+00	-2.150568e+11	-7.084787e+10	0.000000e+00	
1.788480e+07	8.938135e+05	2.031240e+05	0.000000e+00	-1.364942e+11	-6.106856e+10	0.000000e+00	2.640324e+10	4.911885e+10	0.000000e+00	-9.515607e+10	5.152389e+10	0.000000e+00	-2.143832e+11	-7.282998e+10	0.000000e+00	
1.797120e+07	8.944527e+05	2.173708e+05	0.000000e+00	-1.354230e+11	-6.340932e+10	0.000000e+00	2.256695e+10	5.095691e+10	0.000000e+00	-9.655933e+10	4.884295e+10	0.000000e+00	-2.136913e+11	-7.480587e+10	0.000000e+00	
1.805760e+07	8.948022e+05	2.317011e+05	0.000000e+00	-1.343116e+11	-6.573129e+10	0.000000e+00	1.860149e+10	5.250330e+10	0.000000e+00	-9.788710e+10	4.612382e+10	0.000000e+00	-2.129811e+11	-7.677537e+10	0.000000e+00	
1.814400e+07	8.948566e+05	2.461089e+05	0.000000e+00	-1.331604e+11	-6.803378e+10	0.000000e+00	1.452940e+10	5.374871e+10	0.000000e+00	-9.913834e+10	4.336862e+10	0.000000e+00	-2.122528e+11	-7.873832e+10	0.000000e+00	
1.823040e+07	8.946108e+05	2.605883e+05	0.000000e+00	-1.319698e+11	-7.031612e+10	0.000000e+00	1.037392e+10	5.468560e+10	0.000000e+00	-1.003121e+11	4.057952e+10	0.000000e+00	-2.115063e+11	-8.069455e+10	0.000000e+00	
1.831680e+07	8.940596e+05	2.751327e+05	0.000000e+00	-1.307401e+11	-7.257762e+10	0.000000e+00	6.158839e+09	5.530832e+10	0.000000e+00	-1.014073e+11	3.775869e+10	0.000000e+00	-2.107418e+11	-8.264388e+10	0.000000e+00	
1.840320e+07	8.931981e+05	2.897353e+05	0.000000e+00	-1.294716e+11	-7.481761e+10	0.000000e+00	1.908362e+09	5.561309e+10	0.000000e+00	-1.024233e+11	3.490833e+10	0.000000e+00	-2.099592e+11	-8.458616e+10	0.000000e+00	
1.848960e+07	8.920213e+05	3.043888e+05	0.000000e+00	-1.281648e+11	-7.703544e+10	0.000000e+00	-2.353084e+09	5.559811e+10	0.000000e+00	-1.033592e+11	3.203068e+10	0.000000e+00	-2.091587e+11	-8.652121e+10	0.000000e+00	
1.857600e+07	8.905247e+05	3.190858e+05	0.000000e+00	-1.268200e+11	-7.923045e+10	0.000000e+00	-6.600996e+09	5.526348e+10	0.000000e+00	-1.042143e+11	2.912799e+10	0.000000e+00	-2.083404e+11	-8.844886e+10	0.000000e+00	
1.866240e+07	8.887037e+05	3.338183e+05	0.000000e+00	-1.254376e+11	-8.140198e+10	0.000000e+00	-1.081097e+10	5.461128e+10	0.000000e+00	-1.049879e+11	2.620252e+10	0.000000e+00	-2.075043e+11	-9.036897e+10	0.000000e+00	
1.874880e+07	8.865541e+05	3.485781e+05	0.000000e+00	-1.240181e+11	-8.354939e+10	0.000000e+00	-1.495886e+10	5.364551e+10	0.000000e+00	-1.056795e+11	2.325657e+10	0.000000e+00	-2.066504e+11	-9.228134e+10	0.000000e+00	
1.883520e+07	8.840719e+05	3.633566e+05	0.000000e+00	-1.225618e+11	-8.567204e+10	0.000000e+00	-1.902096e+10	5.237206e+10	0.000000e+00	-1.062883e+11	2.029242e+10	0.000000e+00	-2.057789e+11	-9.418584e+10	0.000000e+00	
1.892160e+07	8.812534e+05	3.781449e+05	0.000000e+00	-1.210692e+11	-8.776932e+10	0.000000e+00	-2.297411e+10	5.079867e+10	0.000000e+00	-1.068141e+11	1.731242e+10	0.000000e+00	-2.048897e+11	-9.608228e+10	0.000000e+00	
1.900800e+07	8.780954e+05	3.929338e+05	0.000000e+00	-1.195408e+11	-8.984059e+10	0.000000e+00	-2.679592e+10	4.893488e+10	0.000000e+00	-1.072564e+11	1.431887e+10	0.000000e+00	-2.039831e+11	-9.797050e+10	0.000000e+00	
1.909440e+07	8.745946e+05	4.077138e+05	0.000000e+00	-1.179769e+11	-9.188524e+10	0.000000e+00	-3.046486e+10	4.679192e+10	0.000000e+00	-1.076148e+11	1.131413e+10	0.000000e+00	-2.030590e+11	-9.985036e+10	0.000000e+00	
1.918080e+07	8.707485e+05	4.224751e+05	0.000000e+00	-1.163781e+11	-9.390267e+10	0.000000e+00	-3.396041e+10	4.438265e+10	0.000000e+00	-1.078890e+11	8.300543e+09	0.000000e+00	-2.021176e+11	-1.017217e+11	0.000000e+00	
1.926720e+07	8.665548e+05	4.372078e+05	0.000000e+00	-1.147448e+11	-9.589228e+10	0.000000e+00	-3.726319e+10	4.172147e+10	0.000000e+00	-1.080789e+11	5.280465e+09	0.000000e+00	-2.011588e+11	-1.035843e+11	0.000000e+00	
1.935360e+07	8.620116e+05	4.519016e+05	0.000000e+00	-1.130775e+11	-9.785348e+10	0.000000e+00	-4.035507e+10	3.882416e+10	0.000000e+00	-1.081843e+11	2.256259e+09	0.000000e+00	-2.001829e+11	-1.054380e+11	0.000000e+00	
1.944000e+07	8.571173e+05	4.665461e+05	0.000000e+00	-1.113766e+11	-9.978569e+10	0.000000e+00	-4.321928e+10	3.570782e+10	0.000000e+00	-1.082051e+11	-7.697118e+08	0.000000e+00	-1.991898e+11	-1.072828e+11	0.000000e+00	
1.952640e+07	8.518710e+05	4.811306e+05	0.000000e+00	-1.096428e+11	-1.016883e+11	0.000000e+00	-4.584048e+10	3.239072e+10	0.000000e+00	-1.081412e+11	-3.795080e+09	0.000000e+00	-1.981797e+11	-1.091183e+11	0.000000e+00	
1.961280e+07	8.462720e+05	4.956446e+05	0.000000e+00	-1.078766e+11	-1.035609e+11	0.000000e+00	-4.820487e+10	2.889215e+10	0.000000e+00	-1.079928e+11	-6.817482e+09	0.000000e+00	-1.971527e+11	-1.109446e+11	0.000000e+00	
1.969920e+07	8.403203e+05	5.100771e+05	0.000000e+00	-1.060783e+11	-1.054027e+11	0.000000e+00	-5.030021e+10	2.523234e+10	0.000000e+00	-1.077600e+11	-9.834552e+09	0.000000e+00	-1.961087e+11	-1.127613e+11	0.000000e+00	
1.978560e+07	8.340161e+05	5.244171e+05	0.000000e+00	-1.042486e+11	-1.072133e+11	0.000000e+00	-5.211593e+10	2.143227e+10	0.000000e+00	-1.074429e+11	-1.284393e+10	0.000000e+00	-1.950480e+11	-1.145684e+11	0.000000e+00	
1.987200e+07	8.273601e+05	5.386537e+05	0.000000e+00	-1.023881e+11	-1.089922e+11	0.000000e+00	-5.364311e+10	1.751353e+10	0.000000e+00	-1.070418e+11	-1.584327e+10	0.000000e+00	-1.939706e+11	-1.163656e+11	0.000000e+00	
1.995840e+07	8.203538e+05	5.527757e+05	0.000000e+00	-1.004972e+11	-1.107387e+11	0.000000e+00	-5.487454e+10	1.349824e+10	0.000000e+00	-1.065571e+11	-1.883022e+10	0.000000e+00	-1.928766e+11	-1.181529e+11	0.000000e+00	
2.004480e+07	8.129987e+05	5.667723e+05	0.000000e+00	-9.857655e+10	-1.124525e+11	0.000000e+00	-5.580472e+10	9.408859e+09	0.000000e+00	-1.059889e+11	-2.180245e+10	0.000000e+00	-1.917661e+11	-1.199301e+11	0.000000e+00	
2.013120e+07	8.052972e+05	5.806323e+05	0.000000e+00	-9.662669e+10	-1.141329e+11	0.000000e+00	-5.642988e+10	5.268049e+09	0.000000e+00	-1.053380e+11	-2.475762e+10	0.000000e+00	-1.906392e+11	-1.216971e+11	0.000000e+00	
2.021760e+07	7.972518e+05	5.943447e+05	0.000000e+00	-9.464821e+10	-1.157795e+11	0.000000e+00	-5.674795e+10	1.098574e+09	0.000000e+00	-1.046046e+11	-2.769345e+10	0.000000e+00	-1.894959e+11	-1.234536e+11	0.000000e+00	
2.030400e+07	7.888657e+05	6.078987e+05	0.000000e+00	-9.264169e+10	-1.173919e+11	0.000000e+00	-5.675856e+10	-3.076851e+09	0.000000e+00	-1.037895e+11	-3.060761e+10	0.000000e+00	-1.883364e+11	-1.251995e+11	0.000000e+00	
2.039040e+07	7.801425e+05	6.212835e+05	0.000000e+00	-9.060772e+10	-1.189694e+11	0.000000e+00	-5.646301e+10	-7.235676e+09	0.000000e+00	-1.028932e+11	-3.349785e+10	0.000000e+00	-1.871608e+11	-1.269347e+11	0.000000e+00	
2.047680e+07	7.710862e+05	6.344883e+05	0.000000e+00	-8.854691e+10	-1.205117e+11	0.000000e+00	-5.586421e+10	-1.135564e+10	0.000000e+00	-1.019164e+11	-3.636189e+10	0.000000e+00	-1.859691e+11	-1.286591e+11	0.000000e+00	
2.056320e+07	7.617014e+05	6.475027e+05	0.000000e+00	-8.645988e+10	-1.220184e+11	0.000000e+00	-5.496668e+10	-1.541487e+10	0.000000e+00	-1.008600e+11	-3.919750e+10	0.000000e+00	-1.847615e+11	-1.303724e+11	0.000000e+00	
2.064960e+07	7.519928e+05	6.603163e+05	0.000000e+00	-8.434723e+10	-1.234888e+11	0.000000e+00	-5.377645e+10	-1.939203e+10	0.000000e+00	-9.972470e+10	-4.200247e+10	0.000000e+00	-1.835381e+11	-1.320745e+11	0.000000e+00	
2.073600e+07	7.419660e+05	6.729189e+05	0.000000e+00	-8.220959e+10	-1.249227e+11	0.000000e+00	-5.230106e+10	-2.326634e+10	0.000000e+00	-9.851144e+10	-4.477459e+10	0.000000e+00	-1.822990e+11	-1.337653e+11	0.000000e+00	
2.082240e+07	7.316266e+05	6.853005e+05	0.000000e+00	-8.004761e+10	-1.263196e+11	0.000000e+00	-5.054943e+10	-2.701777e+10	0.000000e+00	-9.722114e+10	-4.751170e+10	0.000000e+00	-1.810442e+11	-1.354447e+11	0.000000e+00	
2.090880e+07	7.209807e+05	6.974515e+05	0.000000e+00	-7.786191e+10	-1.276791e+11	0.000000e+00	-4.853185e+10	-3.062706e+10	0.000000e+00	-9.585483e+10	-5.021167e+10	0.000000e+00	-1.797739e+11	-1.371125e+11	0.000000e+00	
2.099520e+07	7.100349e+05	7.093624e+05	0.000000e+00	-7.565315e+10	-1.290007e+11	0.000000e+00	-4.625989e+10	-3.407580e+10	0.000000e+00	-9.441358e+10	-5.287238e+10	0.000000e+00	-1.784882e+11	-1.387685e+11	0.000000e+00	
2.108160e+07	6.987961e+05	7.210239e+05	0.000000e+00	-7.342198e+10	-1.302842e+11	0.000000e+00	-4.374630e+10	-3.734656e+10	0.000000e+00	-9.289850e+10	-5.549174e+10	0.000000e+00	-1.771872e+11	-1.404126e+11	0.000000e+00	
2.116800e+07	6.872714e+05	7.324271e+05	0.000000e+00	-7.116906e+10	-1.315290e+11	0.000000e+00	-4.100498e+10	-4.042291e+10	0.000000e+00	-9.131080e+10	-5.806773e+10	0.000000e+00	-1.758710e+11	-1.420446e+11	0.000000e+00	
2.125440e+07	6.754685e+05	7.435635e+05	0.000000e+00	-6.889507e+10	-1.327349e+11	0.000000e+00	-3.805087e+10	-4.328948e+10	0.000000e+00	-8.965170e+10	-6.059831e+10	0.000000e+00	-1.745397e+11	-1.436645e+11	0.000000e+00	
2.134080e+07	6.633952e+05	7.544246e+05	0.000000e+00	-6.660066e+10	-1.339014e+11	0.000000e+00	-3.489987e+10	-4.593206e+10	0.000000e+00	-8.792250e+10	-6.308151e+10	0.000000e+00	-1.731935e+11	-1.452721e+11	0.000000e+00	
2.142720e+07	6.510597e+05	7.650025e+05	0.000000e+00	-6.428653e+10	-1.350284e+11	0.000000e+00	-3.156876e+10	-4.833760e+10	0.000000e+00	-8.612457e+10	-6.551539e+10	0.000000e+00	-1.718324e+11	-1.468672e+11	0.000000e+00	
2.151360e+07	6.384704e+05	7.752895e+05	0.000000e+00	-6.195336e+10	-1.361153e+11	0.000000e+00	-2.807514e+10	-5.049429e+10	0.000000e+00	-8.425929e+10	-6.789805e+10	0.000000e+00	-1.704565e+11	-1.484497e+11	0.000000e+00	
2.160000e+07	6.256361e+05	7.852783e+05	0.000000e+00	-5.960184e+10	-1.371619e+11	0.000000e+00	-2.443728e+10	-5.239158e+10	0.000000e+00	-8.232814e+10	-7.022763e+10	0.000000e+00	-1.690661e+11	-1.500195e+11	0.000000e+00	
2.168640e+07	6.125657e+05	7.949620e+05	0.000000e+00	-5.723266e+10	-1.381678e+11	0.000000e+00	-2.067413e+10	-5.402024e+10	0.000000e+00	-8.033263e+10	-7.250230e+10	0.000000e+00	-1.676611e+11	-1.515764e+11	0.000000e+00	
2.177280e+07	5.992685e+05	8.043338e+05	0.000000e+00	-5.484654e+10	-1.391329e+11	0.000000e+00	-1.680513e+10	-5.537234e+10	0.000000e+00	-7.827431e+10	-7.472029e+10	0.000000e+00	-1.662418e+11	-1.531203e+11	0.000000e+00	
2.185920e+07	5.857538e+05	8.133877e+05	0.000000e+00	-5.244417e+10	-1.400567e+11	0.000000e+00	-1.285022e+10	-5.644135e+10	0.000000e+00	-7.615479e+10	-7.687986e+10	0.000000e+00	-1.648081e+11	-1.546510e+11	0.000000e+00	
2.194560e+07	5.720313e+05	8.221178e+05	0.000000e+00	-5.002626e+10	-1.409391e+11	0.000000e+00	-8.829664e+09	-5.722207e+10	0.000000e+00	-7.397574e+10	-7.897933e+10	0.000000e+00	-1.633604e+11	-1.561685e+11	0.000000e+00	
2.203200e+07	5.581107e+05	8.305185e+05	0.000000e+00	-4.759354e+10	-1.417797e+11	0.000000e+00	-4.764044e+09	-5.771073e+10	0.000000e+00	-7.173885e+10	-8.101705e+10	0.000000e+00	-1.618986e+11	-1.576726e+11	0.000000e+00	
2.211840e+07	5.440019e+05	8.385847e+05	0.000000e+00	-4.514673e+10	-1.425783e+11	0.000000e+00	-6.741165e+08	-5.790496e+10	0.000000e+00	-6.944587e+10	-8.299143e+10	0.000000e+00	-1.604229e+11	-1.591631e+11	0.000000e+00	
2.220480e+07	5.297151e+05	8.463120e+05	0.000000e+00	-4.268654e+10	-1.433347e+11	0.000000e+00	3.419253e+09	-5.780378e+10	0.000000e+00	-6.709861e+10	-8.490094e+10	0.000000e+00	-1.589335e+11	-1.606400e+11	0.000000e+00	
2.229120e+07	5.152604e+05	8.536958e+05	0.000000e+00	-4.021372e+10	-1.440486e+11	0.000000e+00	7.495177e+09	-5.740766e+10	0.000000e+00	-6.469888e+10	-8.674407e+10	0.000000e+00	-1.574304e+11	-1.621031e+11	0.000000e+00	
2.237760e+07	5.006481e+05	8.607323e+05	0.000000e+00	-3.772898e+10	-1.447199e+11	0.000000e+00	1.153284e+10	-5.671846e+10	0.000000e+00	-6.224858e+10	-8.851939e+10	0.000000e+00	-1.559138e+11	-1.635523e+11	0.000000e+00	
2.246400e+07	4.858886e+05	8.674181e+05	0.000000e+00	-3.523307e+10	-1.453484e+11	0.000000e+00	1.551158e+10	-5.573946e+10	0.000000e+00	-5.974962e+10	-9.022551e+10	0.000000e+00	-1.543838e+11	-1.649874e+11	0.000000e+00	
2.255040e+07	4.709923e+05	8.737501e+05	0.000000e+00	-3.272672e+10	-1.459337e+11	0.000000e+00	1.941098e+10	-5.447535e+10	0.000000e+00	-5.720395e+10	-9.186109e+10	0.000000e+00	-1.528405e+11	-1.664084e+11	0.000000e+00	
2.263680e+07	4.559698e+05	8.797255e+05	0.000000e+00	-3.021069e+10	-1.464759e+11	0.000000e+00	2.321095e+10	-5.293220e+10	0.000000e+00	-5.461355e+10	-9.342487e+10	0.000000e+00	-1.512841e+11	-1.678150e+11	0.000000e+00	
2.272320e+07	4.408314e+05	8.853421e+05	0.000000e+00	-2.768571e+10	-1.469747e+11	0.000000e+00	2.689183e+10	-5.111745e+10	0.000000e+00	-5.198047e+10	-9.491561e+10	0.000000e+00	-1.497147e+11	-1.692073e+11	0.000000e+00	
2.280960e+07	4.255877e+05	8.905981e+05	0.000000e+00	-2.515253e+10	-1.474299e+11	0.000000e+00	3.043446e+10	-4.903990e+10	0.000000e+00	-4.930675e+10	-9.633216e+10	0.000000e+00	-1.481325e+11	-1.705850e+11	0.000000e+00	
2.289600e+07	4.102492e+05	8.954919e+05	0.000000e+00	-2.261190e+10	-1.478415e+11	0.000000e+00	3.382027e+10	-4.670965e+10	0.000000e+00	-4.659449e+10	-9.767341e+10	0.000000e+00	-1.465375e+11	-1.719481e+11	0.000000e+00	
2.298240e+07	3.948264e+05	9.000225e+05	0.000000e+00	-2.006457e+10	-1.482093e+11	0.000000e+00	3.703138e+10	-4.413811e+10	0.000000e+00	-4.384580e+10	-9.893830e+10	0.000000e+00	-1.449300e+11	-1.732964e+11	0.000000e+00	
2.306880e+07	3.793297e+05	9.041893e+05	0.000000e+00	-1.751130e+10	-1.485333e+11	0.000000e+00	4.005066e+10	-4.133793e+10	0.000000e+00	-4.106284e+10	-1.001259e+11	0.000000e+00	-1.433099e+11	-1.746298e+11	0.000000e+00	
2.315520e+07	3.637694e+05	9.079918e+05	0.000000e+00	-1.495285e+10	-1.488132e+11	0.000000e+00	4.286187e+10	-3.832298e+10	0.000000e+00	-3.824778e+10	-1.012352e+11	0.000000e+00	-1.416776e+11	-1.759482e+11	0.000000e+00	
2.324160e+07	3.481558e+05	9.114303e+05	0.000000e+00	-1.238997e+10	-1.490491e+11	0.000000e+00	4.544967e+10	-3.510827e+10	0.000000e+00	-3.540283e+10	-1.022653e+11	0.000000e+00	-1.400331e+11	-1.772514e+11	0.000000e+00	
2.332800e+07	3.324990e+05	9.145051e+05	0.000000e+00	-9.823426e+09	-1.492408e+11	0.000000e+00	4.779976e+10	-3.170994e+10	0.000000e+00	-3.253020e+10	-1.032155e+11	0.000000e+00	-1.383766e+11	-1.785395e+11	0.000000e+00	
2.341440e+07	3.168091e+05	9.172171e+05	0.000000e+00	-7.253969e+09	-1.493883e+11	0.000000e+00	4.989896e+10	-2.814516e+10	0.000000e+00	-2.963214e+10	-1.040851e+11	0.000000e+00	-1.367081e+11	-1.798122e+11	0.000000e+00	
2.350080e+07	3.010958e+05	9.195675e+05	0.000000e+00	-4.682365e+09	-1.494916e+11	0.000000e+00	5.173524e+10	-2.443207e+10	0.000000e+00	-2.671092e+10	-1.048733e+11	0.000000e+00	-1.350280e+11	-1.810694e+11	0.000000e+00	
2.358720e+07	2.853690e+05	9.215578e+05	0.000000e+00	-2.109375e+09	-1.495507e+11	0.000000e+00	5.329786e+10	-2.058975e+10	0.000000e+00	-2.376882e+10	-1.055795e+11	0.000000e+00	-1.333362e+11	-1.823111e+11	0.000000e+00	
2.367360e+07	2.696381e+05	9.231899e+05	0.000000e+00	4.642394e+08	-1.495654e+11	0.000000e+00	5.457740e+10	-1.663806e+10	0.000000e+00	-2.080815e+10	-1.062032e+11	0.000000e+00	-1.316329e+11	-1.835370e+11	0.000000e+00	
2.376000e+07	2.539125e+05	9.244660e+05	0.000000e+00	3.037716e+09	-1.495359e+11	0.000000e+00	5.556586e+10	-1.259763e+10	0.000000e+00	-1.783121e+10	-1.067439e+11	0.000000e+00	-1.299183e+11	-1.847473e+11	0.000000e+00	
2.384640e+07	2.382012e+05	9.253885e+05	0.000000e+00	5.610293e+09	-1.494621e+11	0.000000e+00	5.625668e+10	-8.489721e+09	0.000000e+00	-1.484033e+10	-1.072012e+11	0.000000e+00	-1.281926e+11	-1.859416e+11	0.000000e+00	
2.393280e+07	2.225133e+05	9.259603e+05	0.000000e+00	8.181208e+09	-1.493440e+11	0.000000e+00	5.664486e+10	-4.336132e+09	0.000000e+00	-1.183785e+10	-1.075747e+11	0.000000e+00	-1.264558e+11	-1.871199e+11	0.000000e+00	
2.401920e+07	2.068572e+05	9.261844e+05	0.000000e+00	1.074970e+10	-1.491817e+11	0.000000e+00	5.672698e+10	-1.591088e+08	0.000000e+00	-8.826123e+09	-1.078641e+11	0.000000e+00	-1.247081e+11	-1.882822e+11	0.000000e+00	
2.410560e+07	1.912415e+05	9.260641e+05	0.000000e+00	1.331501e+10	-1.489753e+11	0.000000e+00	5.650123e+10	4.018783e+09	0.000000e+00	-5.807495e+09	-1.080692e+11	0.000000e+00	-1.229498e+11	-1.894282e+11	0.000000e+00	
2.419200e+07	1.756743e+05	9.256029e+05	0.000000e+00	1.587638e+10	-1.487247e+11	0.000000e+00	5.596748e+10	8.174772e+09	0.000000e+00	-2.784327e+09	-1.081898e+11	0.000000e+00	-1.211808e+11	-1.905579e+11	0.000000e+00	
2.427840e+07	1.601633e+05	9.248047e+05	0.000000e+00	1.843304e+10	-1.484301e+11	0.000000e+00	5.512730e+10	1.228601e+10	0.000000e+00	2.410181e+08	-1.082259e+11	0.000000e+00	-1.194014e+11	-1.916713e+11	0.000000e+00	
2.436480e+07	1.447162e+05	9.236733e+05	0.000000e+00	2.098425e+10	-1.480915e+11	0.000000e+00	5.398399e+10	1.632969e+10	0.000000e+00	3.266175e+09	-1.081774e+11	0.000000e+00	-1.176118e+11	-1.927682e+11	0.000000e+00	
2.445120e+07	1.293403e+05	9.222129e+05	0.000000e+00	2.352924e+10	-1.477091e+11	0.000000e+00	5.254256e+10	2.028320e+10	0.000000e+00	6.288781e+09	-1.080444e+11	0.000000e+00	-1.158120e+11	-1.938485e+11	0.000000e+00	
2.453760e+07	1.140424e+05	9.204278e+05	0.000000e+00	2.606727e+10	-1.472830e+11	0.000000e+00	5.080976e+10	2.412424e+10	0.000000e+00	9.306472e+09	-1.078270e+11	0.000000e+00	-1.140023e+11	-1.949121e+11	0.000000e+00	
2.462400e+07	9.882934e+04	9.183223e+05	0.000000e+00	2.859758e+10	-1.468133e+11	0.000000e+00	4.879407e+10	2.783096e+10	0.000000e+00	1.231689e+10	-1.075252e+11	0.000000e+00	-1.121827e+11	-1.959589e+11	0.000000e+00	
2.471040e+07	8.370741e+04	9.159009e+05	0.000000e+00	3.111942e+10	-1.463001e+11	0.000000e+00	4.650564e+10	3.138213e+10	0.000000e+00	1.531769e+10	-1.071395e+11	0.000000e+00	-1.103535e+11	-1.969889e+11	0.000000e+00	
2.479680e+07	6.868270e+04	9.131683e+05	0.000000e+00	3.363205e+10	-1.457435e+11	0.000000e+00	4.395631e+10	3.475724e+10	0.000000e+00	1.830651e+10	-1.066700e+11	0.000000e+00	-1.085148e+11	-1.980019e+11	0.000000e+00	
2.488320e+07	5.376099e+04	9.101290e+05	0.000000e+00	3.613472e+10	-1.451439e+11	0.000000e+00	4.115949e+10	3.793666e+10	0.000000e+00	2.128103e+10	-1.061172e+11	0.000000e+00	-1.066668e+11	-1.989978e+11	0.000000e+00	
2.496960e+07	3.894774e+04	9.067878e+05	0.000000e+00	3.862669e+10	-1.445012e+11	0.000000e+00	3.813018e+10	4.090180e+10	0.000000e+00	2.423892e+10	-1.054814e+11	0.000000e+00	-1.048096e+11	-1.999767e+11	0.000000e+00	
2.505600e+07	2.424816e+04	9.031492e+05	0.000000e+00	4.110723e+10	-1.438158e+11	0.000000e+00	3.488481e+10	4.363518e+10	0.000000e+00	2.717788e+10	-1.047633e+11	0.000000e+00	-1.029433e+11	-2.009383e+11	0.000000e+00	
2.514240e+07	9.667169e+03	8.992179e+05	0.000000e+00	4.357559e+10	-1.430878e+11	0.000000e+00	3.144121e+10	4.612061e+10	0.000000e+00	3.009559e+10	-1.039632e+11	0.000000e+00	-1.010682e+11	-2.018826e+11	0.000000e+00	
2.522880e+07	-4.790590e+03	8.949985e+05	0.000000e+00	4.603106e+10	-1.423174e+11	0.000000e+00	2.781849e+10	4.834331e+10	0.000000e+00	3.298979e+10	-1.030819e+11	0.000000e+00	-9.918444e+10	-2.028096e+11	0.000000e+00	
2.531520e+07	-1.912071e+04	8.904956e+05	0.000000e+00	4.847290e+10	-1.415050e+11	0.000000e+00	2.403694e+10	5.028998e+10	0.000000e+00	3.585821e+10	-1.021201e+11	0.000000e+00	-9.729209e+10	-2.037191e+11	0.000000e+00	
2.540160e+07	-3.331902e+04	8.857137e+05	0.000000e+00	5.090039e+10	-1.406506e+11	0.000000e+00	2.011786e+10	5.194894e+10	0.000000e+00	3.869862e+10	-1.010785e+11	0.000000e+00	-9.539137e+10	-2.046110e+11	0.000000e+00	
2.548800e+07	-4.738156e+04	8.806572e+05	0.000000e+00	5.331281e+10	-1.397545e+11	0.000000e+00	1.608350e+10	5.331020e+10	0.000000e+00	4.150878e+10	-9.995793e+10	0.000000e+00	-9.348244e+10	-2.054854e+11	0.000000e+00	
2.557440e+07	-6.130460e+04	8.753302e+05	0.000000e+00	5.570945e+10	-1.388171e+11	0.000000e+00	1.195685e+10	5.436556e+10	0.000000e+00	4.428652e+10	-9.875924e+10	0.000000e+00	-9.156546e+10	-2.063420e+11	0.000000e+00	
2.566080e+07	-7.508454e+04	8.697371e+05	0.000000e+00	5.808959e+10	-1.378386e+11	0.000000e+00	7.761516e+09	5.510864e+10	0.000000e+00	4.702965e+10	-9.748339e+10	0.000000e+00	-8.964059e+10	-2.071809e+11	0.000000e+00	
2.574720e+07	-8.871797e+04	8.638818e+05	0.000000e+00	6.045254e+10	-1.368193e+11	0.000000e+00	3.521568e+09	5.553497e+10	0.000000e+00	4.973604e+10	-9.613137e+10	0.000000e+00	-8.770800e+10	-2.080019e+11	0.000000e+00	
2.583360e+07	-1.022016e+05	8.577682e+05	0.000000e+00	6.279759e+10	-1.357595e+11	0.000000e+00	-7.386277e+08	5.564199e+10	0.000000e+00	5.240356e+10	-9.470424e+10	0.000000e+00	-8.576786e+10	-2.088050e+11	0.000000e+00	
2.592000e+07	-1.155323e+05	8.514001e+05	0.000000e+00	6.512406e+10	-1.346596e+11	0.000000e+00	-4.994578e+09	5.542909e+10	0.000000e+00	5.503015e+10	-9.320312e+10	0.000000e+00	-8.382033e+10	-2.095901e+11	0.000000e+00	
2.600640e+07	-1.287069e+05	8.447811e+05	0.000000e+00	6.743124e+10	-1.335197e+11	0.000000e+00	-9.221821e+09	5.489762e+10	0.000000e+00	5.761374e+10	-9.162919e+10	0.000000e+00	-8.186558e+10	-2.103572e+11	0.000000e+00	
2.609280e+07	-1.417225e+05	8.379146e+05	0.000000e+00	6.971847e+10	-1.323403e+11	0.000000e+00	-1.339610e+10	5.405084e+10	0.000000e+00	6.015232e+10	-8.998366e+10	0.000000e+00	-7.990378e+10	-2.111062e+11	0.000000e+00	
2.617920e+07	-1.545760e+05	8.308040e+05	0.000000e+00	7.198506e+10	-1.311218e+11	0.000000e+00	-1.749352e+10	5.289396e+10	0.000000e+00	6.264390e+10	-8.826784e+10	0.000000e+00	-7.793509e+10	-2.118369e+11	0.000000e+00	
2.626560e+07	-1.672645e+05	8.234525e+05	0.000000e+00	7.423034e+10	-1.298644e+11	0.000000e+00	-2.149071e+10	5.143401e+10	0.000000e+00	6.508654e+10	-8.648306e+10	0.000000e+00	-7.595969e+10	-2.125495e+11	0.000000e+00	
2.635200e+07	-1.797851e+05	8.158630e+05	0.000000e+00	7.645365e+10	-1.285686e+11	0.000000e+00	-2.536498e+10	4.967988e+10	0.000000e+00	6.747834e+10	-8.463071e+10	0.000000e+00	-7.397775e+10	-2.132437e+11	0.000000e+00	
2.643840e+07	-1.921348e+05	8.080386e+05	0.000000e+00	7.865432e+10	-1.272347e+11	0.000000e+00	-2.909445e+10	4.764216e+10	0.000000e+00	6.981741e+10	-8.271225e+10	0.000000e+00	-7.198943e+10	-2.139195e+11	0.000000e+00	
2.652480e+07	-2.043105e+05	7.999819e+05	0.000000e+00	8.083172e+10	-1.258632e+11	0.000000e+00	-3.265822e+10	4.533310e+10	0.000000e+00	7.210195e+10	-8.072917e+10	0.000000e+00	-6.999491e+10	-2.145769e+11	0.000000e+00	
2.661120e+07	-2.163093e+05	7.916958e+05	0.000000e+00	8.298519e+10	-1.244544e+11	0.000000e+00	-3.603648e+10	4.276654e+10	0.000000e+00	7.433015e+10	-7.868302e+10	0.000000e+00	-6.799436e+10	-2.152158e+11	0.000000e+00	
2.669760e+07	-2.281279e+05	7.831828e+05	0.000000e+00	8.511409e+10	-1.230088e+11	0.000000e+00	-3.921063e+10	3.995774e+10	0.000000e+00	7.650029e+10	-7.657541e+10	0.000000e+00	-6.598795e+10	-2.158362e+11	0.000000e+00	
2.678400e+07	-2.397631e+05	7.744454e+05	0.000000e+00	8.721780e+10	-1.215268e+11	0.000000e+00	-4.216336e+10	3.692332e+10	0.000000e+00	7.861067e+10	-7.440797e+10	0.000000e+00	-6.397586e+10	-2.164380e+11	0.000000e+00	
2.687040e+07	-2.512117e+05	7.654862e+05	0.000000e+00	8.929570e+10	-1.200087e+11	0.000000e+00	-4.487881e+10	3.368110e+10	0.000000e+00	8.065964e+10	-7.218241e+10	0.000000e+00	-6.195825e+10	-2.170211e+11	0.000000e+00	
2.695680e+07	-2.624701e+05	7.563076e+05	0.000000e+00	9.134717e+10	-1.184552e+11	0.000000e+00	-4.734258e+10	3.025001e+10	0.000000e+00	8.264560e+10	-6.990047e+10	0.000000e+00	-5.993530e+10	-2.175855e+11	0.000000e+00	
2.704320e+07	-2.735349e+05	7.469121e+05	0.000000e+00	9.337159e+10	-1.168666e+11	0.000000e+00	-4.954185e+10	2.664991e+10	0.000000e+00	8.456699e+10	-6.756392e+10	0.000000e+00	-5.790719e+10	-2.181312e+11	0.000000e+00	
2.712960e+07	-2.844023e+05	7.373020e+05	0.000000e+00	9.536839e+10	-1.152434e+11	0.000000e+00	-5.146541e+10	2.290151e+10	0.000000e+00	8.642233e+10	-6.517459e+10	0.000000e+00	-5.587408e+10	-2.186580e+11	0.000000e+00	
2.721600e+07	-2.950687e+05	7.274798e+05	0.000000e+00	9.733695e+10	-1.135862e+11	0.000000e+00	-5.310373e+10	1.902618e+10	0.000000e+00	8.821016e+10	-6.273435e+10	0.000000e+00	-5.383616e+10	-2.191661e+11	0.000000e+00	
2.730240e+07	-3.055300e+05	7.174480e+05	0.000000e+00	9.927671e+10	-1.118952e+11	0.000000e+00	-5.444893e+10	1.504584e+10	0.000000e+00	8.992908e+10	-6.024511e+10	0.000000e+00	-5.179360e+10	-2.196552e+11	0.000000e+00	
2.738880e+07	-3.157822e+05	7.072092e+05	0.000000e+00	1.011871e+11	-1.101712e+11	0.000000e+00	-5.549488e+10	1.098280e+10	0.000000e+00	9.157775e+10	-5.770880e+10	0.000000e+00	-4.974658e+10	-2.201254e+11	0.000000e+00	
2.747520e+07	-3.258211e+05	6.967660e+05	0.000000e+00	1.030675e+11	-1.084146e+11	0.000000e+00	-5.623715e+10	6.859670e+09	0.000000e+00	9.315490e+10	-5.512742e+10	0.000000e+00	-4.769526e+10	-2.205766e+11	0.000000e+00	
2.756160e+07	-3.356425e+05	6.861210e+05	0.000000e+00	1.049174e+11	-1.066258e+11	0.000000e+00	-5.667302e+10	2.699168e+09	0.000000e+00	9.465927e+10	-5.250298e+10	0.000000e+00	-4.563984e+10	-2.210088e+11	0.000000e+00	
2.764800e+07	-3.452419e+05	6.752772e+05	0.000000e+00	1.067363e+11	-1.048056e+11	0.000000e+00	-5.680148e+10	-1.475971e+09	0.000000e+00	9.608971e+10	-4.983753e+10	0.000000e+00	-4.358048e+10	-2.214220e+11	0.000000e+00	
2.773440e+07	-3.546149e+05	6.642374e+05	0.000000e+00	1.085236e+11	-1.029542e+11	0.000000e+00	-5.662318e+10	-5.643135e+09	0.000000e+00	9.744508e+10	-4.713315e+10	0.000000e+00	-4.151737e+10	-2.218161e+11	0.000000e+00	
2.782080e+07	-3.637568e+05	6.530048e+05	0.000000e+00	1.102787e+11	-1.010725e+11	0.000000e+00	-5.614043e+10	-9.779954e+09	0.000000e+00	9.872435e+10	-4.439196e+10	0.000000e+00	-3.945067e+10	-2.221910e+11	0.000000e+00	
2.790720e+07	-3.726629e+05	6.415826e+05	0.000000e+00	1.120012e+11	-9.916077e+10	0.000000e+00	-5.535713e+10	-1.386441e+10	0.000000e+00	9.992650e+10	-4.161609e+10	0.000000e+00	-3.738058e+10	-2.225468e+11	0.000000e+00	
2.799360e+07	-3.813284e+05	6.299742e+05	0.000000e+00	1.136906e+11	-9.721973e+10	0.000000e+00	-5.427873e+10	-1.787496e+10	0.000000e+00	1.010506e+11	-3.880771e+10	0.000000e+00	-3.530726e+10	-2.228834e+11	0.000000e+00	
2.808000e+07	-3.897485e+05	6.181832e+05	0.000000e+00	1.153463e+11	-9.524992e+10	0.000000e+00	-5.291218e+10	-2.179060e+10	0.000000e+00	1.020958e+11	-3.596903e+10	0.000000e+00	-3.323090e+10	-2.232008e+11	0.000000e+00	
2.816640e+07	-3.979182e+05	6.062135e+05	0.000000e+00	1.169679e+11	-9.325191e+10	0.000000e+00	-5.126588e+10	-2.559104e+10	0.000000e+00	1.030612e+11	-3.310225e+10	0.000000e+00	-3.115167e+10	-2.234990e+11	0.000000e+00	
2.825280e+07	-4.058325e+05	5.940689e+05	0.000000e+00	1.185549e+11	-9.122631e+10	0.000000e+00	-4.934959e+10	-2.925670e+10	0.000000e+00	1.039461e+11	-3.020961e+10	0.000000e+00	-2.906976e+10	-2.237779e+11	0.000000e+00	
2.833920e+07	-4.134865e+05	5.817538e+05	0.000000e+00	1.201068e+11	-8.917370e+10	0.000000e+00	-4.717438e+10	-3.276885e+10	0.000000e+00	1.047499e+11	-2.729338e+10	0.000000e+00	-2.698534e+10	-2.240375e+11	0.000000e+00	
2.842560e+07	-4.208752e+05	5.692726e+05	0.000000e+00	1.216231e+11	-8.709471e+10	0.000000e+00	-4.475255e+10	-3.610969e+10	0.000000e+00	1.054718e+11	-2.435583e+10	0.000000e+00	-2.489860e+10	-2.242777e+11	0.000000e+00	
2.851200e+07	-4.279936e+05	5.566300e+05	0.000000e+00	1.231034e+11	-8.498994e+10	0.000000e+00	-4.209755e+10	-3.926238e+10	0.000000e+00	1.061113e+11	-2.139926e+10	0.000000e+00	-2.280971e+10	-2.244987e+11	0.000000e+00	
2.859840e+07	-4.348365e+05	5.438308e+05	0.000000e+00	1.245473e+11	-8.286001e+10	0.000000e+00	-3.922391e+10	-4.221116e+10	0.000000e+00	1.066680e+11	-1.842597e+10	0.000000e+00	-2.071885e+10	-2.247002e+11	0.000000e+00	
2.868480e+07	-4.413991e+05	5.308801e+05	0.000000e+00	1.259544e+11	-8.070556e+10	0.000000e+00	-3.614717e+10	-4.494137e+10	0.000000e+00	1.071413e+11	-1.543829e+10	0.000000e+00	-1.862620e+10	-2.248825e+11	0.000000e+00	
2.877120e+07	-4.476765e+05	5.177834e+05	0.000000e+00	1.273242e+11	-7.852723e+10	0.000000e+00	-3.288377e+10	-4.743949e+10	0.000000e+00	1.075310e+11	-1.243856e+10	0.000000e+00	-1.653195e+10	-2.250453e+11	0.000000e+00	
2.885760e+07	-4.536636e+05	5.045464e+05	0.000000e+00	1.286563e+11	-7.632566e+10	0.000000e+00	-2.945098e+10	-4.969323e+10	0.000000e+00	1.078367e+11	-9.429108e+09	0.000000e+00	-1.443627e+10	-2.251887e+11	0.000000e+00	
2.894400e+07	-4.593557e+05	4.911747e+05	0.000000e+00	1.299503e+11	-7.410150e+10	0.000000e+00	-2.586681e+10	-5.169156e+10	0.000000e+00	1.080581e+11	-6.412294e+09	0.000000e+00	-1.233935e+10	-2.253127e+11	0.000000e+00	
2.903040e+07	-4.647482e+05	4.776747e+05	0.000000e+00	1.312058e+11	-7.185541e+10	0.000000e+00	-2.214996e+10	-5.342471e+10	0.000000e+00	1.081952e+11	-3.390471e+09	0.000000e+00	-1.024137e+10	-2.254172e+11	0.000000e+00	
2.911680e+07	-4.698362e+05	4.640526e+05	0.000000e+00	1.324226e+11	-6.958805e+10	0.000000e+00	-1.831967e+10	-5.488426e+10	0.000000e+00	1.082477e+11	-3.660002e+08	0.000000e+00	-8.142500e+09	-2.255024e+11	0.000000e+00	
2.920320e+07	-4.746154e+05	4.503151e+05	0.000000e+00	1.336001e+11	-6.730010e+10	0.000000e+00	-1.439569e+10	-5.606312e+10	0.000000e+00	1.082157e+11	2.658756e+09	0.000000e+00	-6.042929e+09	-2.255681e+11	0.000000e+00	
2.928960e+07	-4.790813e+05	4.364690e+05	0.000000e+00	1.347381e+11	-6.499223e+10	0.000000e+00	-1.039817e+10	-5.695556e+10	0.000000e+00	1.080992e+11	5.681436e+09	0.000000e+00	-3.942837e+09	-2.256143e+11	0.000000e+00	
2.937600e+07	-4.832297e+05	4.225215e+05	0.000000e+00	1.358362e+11	-6.266513e+10	0.000000e+00	-6.347573e+09	-5.755727e+10	0.000000e+00	1.078982e+11	8.699678e+09	0.000000e+00	-1.842406e+09	-2.256411e+11	0.000000e+00	
2.946240e+07	-4.870565e+05	4.084798e+05	0.000000e+00	1.368942e+11	-6.031948e+10	0.000000e+00	-2.264592e+09	-5.786529e+10	0.000000e+00	1.076130e+11	1.171113e+10	0.000000e+00	2.581847e+08	-2.256484e+11	0.000000e+00	
2.954880e+07	-4.905578e+05	3.943517e+05	0.000000e+00	1.379116e+11	-5.795598e+10	0.000000e+00	1.829940e+09	-5.787813e+10	0.000000e+00	1.072437e+11	1.471343e+10	0.000000e+00	2.358753e+09	-2.256363e+11	0.000000e+00	
2.963520e+07	-4.937299e+05	3.801449e+05	0.000000e+00	1.388882e+11	-5.557533e+10	0.000000e+00	5.915132e+09	-5.759567e+10	0.000000e+00	1.067907e+11	1.770423e+10	0.000000e+00	4.459118e+09	-2.256047e+11	0.000000e+00	
2.972160e+07	-4.965692e+05	3.658674e+05	0.000000e+00	1.398237e+11	-5.317823e+10	0.000000e+00	9.970131e+09	-5.701923e+10	0.000000e+00	1.062543e+11	2.068121e+10	0.000000e+00	6.559098e+09	-2.255537e+11	0.000000e+00	
2.980800e+07	-4.990724e+05	3.515276e+05	0.000000e+00	1.407178e+11	-5.076540e+10	0.000000e+00	1.397420e+10	-5.615153e+10	0.000000e+00	1.056348e+11	2.364204e+10	0.000000e+00	8.658513e+09	-2.254832e+11	0.000000e+00	
2.989440e+07	-5.012365e+05	3.371340e+05	0.000000e+00	1.415703e+11	-4.833754e+10	0.000000e+00	1.790681e+10	-5.499670e+10	0.000000e+00	1.049329e+11	2.658440e+10	0.000000e+00	1.075718e+10	-2.253932e+11	0.000000e+00	
2.998080e+07	-5.030587e+05	3.226951e+05	0.000000e+00	1.423809e+11	-4.589537e+10	0.000000e+00	2.174774e+10	-5.356029e+10	0.000000e+00	1.041490e+11	2.950600e+10	0.000000e+00	1.285492e+10	-2.252839e+11	0.000000e+00	
3.006720e+07	-5.045363e+05	3.082201e+05	0.000000e+00	1.431493e+11	-4.343963e+10	0.000000e+00	2.547712e+10	-5.184918e+10	0.000000e+00	1.032837e+11	3.240455e+10	0.000000e+00	1.495155e+10	-2.251551e+11	0.000000e+00	
3.015360e+07	-5.056670e+05	2.937178e+05	0.000000e+00	1.438754e+11	-4.097103e+10	0.000000e+00	2.907560e+10	-4.987167e+10	0.000000e+00	1.023378e+11	3.527779e+10	0.000000e+00	1.704690e+10	-2.250069e+11	0.000000e+00	
3.024000e+07	-5.064489e+05	2.791977e+05	0.000000e+00	1.445589e+11	-3.849030e+10	0.000000e+00	3.252436e+10	-4.763733e+10	0.000000e+00	1.013120e+11	3.812348e+10	0.000000e+00	1.914077e+10	-2.248393e+11	0.000000e+00	
3.032640e+07	-5.068802e+05	2.646693e+05	0.000000e+00	1.451997e+11	-3.599819e+10	0.000000e+00	3.580521e+10	-4.515709e+10	0.000000e+00	1.002070e+11	4.093939e+10	0.000000e+00	2.123299e+10	-2.246523e+11	0.000000e+00	
3.041280e+07	-5.069595e+05	2.501420e+05	0.000000e+00	1.457974e+11	-3.349542e+10	0.000000e+00	3.890074e+10	-4.244312e+10	0.000000e+00	9.902373e+10	4.372332e+10	0.000000e+00	2.332339e+10	-2.244459e+11	0.000000e+00	
3.049920e+07	-5.066857e+05	2.356257e+05	0.000000e+00	1.463520e+11	-3.098274e+10	0.000000e+00	4.179432e+10	-3.950881e+10	0.000000e+00	9.776314e+10	4.647311e+10	0.000000e+00	2.541177e+10	-2.242202e+11	0.000000e+00	
3.058560e+07	-5.060581e+05	2.211304e+05	0.000000e+00	1.468634e+11	-2.846088e+10	0.000000e+00	4.447025e+10	-3.636875e+10	0.000000e+00	9.642618e+10	4.918659e+10	0.000000e+00	2.749796e+10	-2.239751e+11	0.000000e+00	
3.067200e+07	-5.050762e+05	2.066660e+05	0.000000e+00	1.473312e+11	-2.593061e+10	0.000000e+00	4.691381e+10	-3.303865e+10	0.000000e+00	9.501391e+10	5.186165e+10	0.000000e+00	2.958178e+10	-2.237108e+11	0.000000e+00	
3.075840e+07	-5.037400e+05	1.922428e+05	0.000000e+00	1.477555e+11	-2.339266e+10	0.000000e+00	4.911136e+10	-2.953531e+10	0.000000e+00	9.352742e+10	5.449621e+10	0.000000e+00	3.166305e+10	-2.234271e+11	0.000000e+00	
3.084480e+07	-5.020499e+05	1.778709e+05	0.000000e+00	1.481360e+11	-2.084779e+10	0.000000e+00	5.105041e+10	-2.587650e+10	0.000000e+00	9.196788e+10	5.708820e+10	0.000000e+00	3.374158e+10	-2.231242e+11	0.000000e+00	
3.093120e+07	-5.000066e+05	1.635607e+05	0.000000e+00	1.484727e+11	-1.829675e+10	0.000000e+00	5.271970e+10	-2.208096e+10	0.000000e+00	9.033651e+10	5.963559e+10	0.000000e+00	3.581721e+10	-2.228021e+11	0.000000e+00	
3.101760e+07	-4.976112e+05	1.493227e+05	0.000000e+00	1.487654e+11	-1.574030e+10	0.000000e+00	5.410929e+10	-1.816826e+10	0.000000e+00	8.863457e+10	6.213641e+10	0.000000e+00	3.788976e+10	-2.224607e+11	0.000000e+00	
3.110400e+07	-4.948651e+05	1.351672e+05	0.000000e+00	1.490141e+11	-1.317919e+10	0.000000e+00	5.521060e+10	-1.415878e+10	0.000000e+00	8.686339e+10	6.458869e+10	0.000000e+00	3.995903e+10	-2.221002e+11	0.000000e+00	
3.119040e+07	-4.917704e+05	1.211047e+05	0.000000e+00	1.492188e+11	-1.061417e+10	0.000000e+00	5.601653e+10	-1.007354e+10	0.000000e+00	8.502437e+10	6.699052e+10	0.000000e+00	4.202486e+10	-2.217205e+11	0.000000e+00	
3.127680e+07	-4.883293e+05	1.071458e+05	0.000000e+00	1.493792e+11	-8.046020e+09	0.000000e+00	5.652145e+10	-5.934171e+09	0.000000e+00	8.311893e+10	6.934001e+10	0.000000e+00	4.408707e+10	-2.213217e+11	0.000000e+00	
3.136320e+07	-4.845447e+05	9.330080e+04	0.000000e+00	1.494955e+11	-5.475485e+09	0.000000e+00	5.672133e+10	-1.762774e+09	0.000000e+00	8.114856e+10	7.163535e+10	0.000000e+00	4.614548e+10	-2.209039e+11	0.000000e+00	
3.144960e+07	-4.804197e+05	7.958018e+04	0.000000e+00	1.495675e+11	-2.903329e+09	0.000000e+00	5.661372e+10	2.418180e+09	0.000000e+00	7.911480e+10	7.387473e+10	0.000000e+00	4.819991e+10	-2.204669e+11	0.000000e+00	
3.153600e+07	-4.759579e+05	6.599429e+04	0.000000e+00	1.495953e+11	-3.303142e+08	0.000000e+00	5.619787e+10	6.585968e+09	0.000000e+00	7.701924e+10	7.605640e+10	0.000000e+00	5.025018e+10	-2.200110e+11	0.000000e+00	
3.162240e+07	-4.711636e+05	5.255340e+04	0.000000e+00	1.495788e+11	2.242799e+09	0.000000e+00	5.547468e+10	1.071774e+10	0.000000e+00	7.486352e+10	7.817865e+10	0.000000e+00	5.229613e+10	-2.195361e+11	0.000000e+00	
3.170880e+07	-4.660410e+05	3.926766e+04	0.000000e+00	1.495180e+11	4.815248e+09	0.000000e+00	5.444679e+10	1.479064e+10	0.000000e+00	7.264931e+10	8.023984e+10	0.000000e+00	5.433756e+10	-2.190423e+11	0.000000e+00	
3.179520e+07	-4.605953e+05	2.614709e+04	0.000000e+00	1.494130e+11	7.386273e+09	0.000000e+00	5.311856e+10	1.878196e+10	0.000000e+00	7.037836e+10	8.223834e+10	0.000000e+00	5.637432e+10	-2.185297e+11	0.000000e+00	
3.188160e+07	-4.548318e+05	1.320153e+04	0.000000e+00	1.492638e+11	9.955112e+09	0.000000e+00	5.149609e+10	2.266924e+10	0.000000e+00	6.805242e+10	8.417260e+10	0.000000e+00	5.840621e+10	-2.179981e+11	0.000000e+00	
3.196800e+07	-4.487563e+05	4.406442e+02	0.000000e+00	1.490704e+11	1.252101e+10	0.000000e+00	4.958720e+10	2.643044e+10	0.000000e+00	6.567332e+10	8.604110e+10	0.000000e+00	6.043307e+10	-2.174478e+11	0.000000e+00	
3.205440e+07	-4.423751e+05	-1.212612e+04	0.000000e+00	1.488328e+11	1.508319e+10	0.000000e+00	4.740143e+10	3.004405e+10	0.000000e+00	6.324292e+10	8.784239e+10	0.000000e+00	6.245473e+10	-2.168788e+11	0.000000e+00	
3.214080e+07	-4.356949e+05	-2.448958e+04	0.000000e+00	1.485513e+11	1.764092e+10	0.000000e+00	4.494998e+10	3.348928e+10	0.000000e+00	6.076311e+10	8.957505e+10	0.000000e+00	6.447100e+10	-2.162911e+11	0.000000e+00	
3.222720e+07	-4.287226e+05	-3.664081e+04	0.000000e+00	1.482257e+11	2.019342e+10	0.000000e+00	4.224568e+10	3.674612e+10	0.000000e+00	5.823583e+10	9.123773e+10	0.000000e+00	6.648171e+10	-2.156847e+11	0.000000e+00	
3.231360e+07	-4.214658e+05	-4.857117e+04	0.000000e+00	1.478564e+11	2.273995e+10	0.000000e+00	3.930295e+10	3.979558e+10	0.000000e+00	5.566305e+10	9.282913e+10	0.000000e+00	6.848670e+10	-2.150597e+11	0.000000e+00	
3.240000e+07	-4.139322e+05	-6.027238e+04	0.000000e+00	1.474432e+11	2.527975e+10	0.000000e+00	3.613769e+10	4.261972e+10	0.000000e+00	5.304678e+10	9.434801e+10	0.000000e+00	7.048578e+10	-2.144162e+11	0.000000e+00	
3.248640e+07	-4.061302e+05	-7.173647e+04	0.000000e+00	1.469864e+11	2.781207e+10	0.000000e+00	3.276723e+10	4.520186e+10	0.000000e+00	5.038907e+10	9.579318e+10	0.000000e+00	7.247879e+10	-2.137543e+11	0.000000e+00	
3.257280e+07	-3.980681e+05	-8.295587e+04	0.000000e+00	1.464862e+11	3.033616e+10	0.000000e+00	2.921022e+10	4.752666e+10	0.000000e+00	4.769200e+10	9.716351e+10	0.000000e+00	7.446556e+10	-2.130739e+11	0.000000e+00	
3.265920e+07	-3.897549e+05	-9.392338e+04	0.000000e+00	1.459425e+11	3.285127e+10	0.000000e+00	2.548652e+10	4.958024e+10	0.000000e+00	4.495766e+10	9.845792e+10	0.000000e+00	7.644591e+10	-2.123751e+11	0.000000e+00	
3.274560e+07	-3.811997e+05	-1.046322e+05	0.000000e+00	1.453557e+11	3.535665e+10	0.000000e+00	2.161708e+10	5.135031e+10	0.000000e+00	4.218819e+10	9.967541e+10	0.000000e+00	7.841967e+10	-2.116581e+11	0.000000e+00	
3.283200e+07	-3.724118e+05	-1.150761e+05	0.000000e+00	1.447259e+11	3.785158e+10	0.000000e+00	1.762381e+10	5.282623e+10	0.000000e+00	3.938577e+10	1.008150e+11	0.000000e+00	8.038668e+10	-2.109228e+11	0.000000e+00	
3.291840e+07	-3.634010e+05	-1.252490e+05	0.000000e+00	1.440532e+11	4.033530e+10	0.000000e+00	1.352944e+10	5.399912e+10	0.000000e+00	3.655257e+10	1.018759e+11	0.000000e+00	8.234676e+10	-2.101694e+11	0.000000e+00	
3.300480e+07	-3.541770e+05	-1.351456e+05	0.000000e+00	1.433379e+11	4.280709e+10	0.000000e+00	9.357367e+09	5.486190e+10	0.000000e+00	3.369081e+10	1.028571e+11	0.000000e+00	8.429976e+10	-2.093979e+11	0.000000e+00	
3.309120e+07	-3.447499e+05	-1.447609e+05	0.000000e+00	1.425802e+11	4.526621e+10	0.000000e+00	5.131520e+09	5.540939e+10	0.000000e+00	3.080272e+10	1.037580e+11	0.000000e+00	8.624549e+10	-2.086083e+11	0.000000e+00	
3.317760e+07	-3.351299e+05	-1.540905e+05	0.000000e+00	1.417803e+11	4.771193e+10	0.000000e+00	8.761675e+08	5.563831e+10	0.000000e+00	2.789057e+10	1.045778e+11	0.000000e+00	8.818379e+10	-2.078007e+11	0.000000e+00	
3.326400e+07	-3.253272e+05	-1.631302e+05	0.000000e+00	1.409384e+11	5.014353e+10	0.000000e+00	-3.384224e+09	5.554731e+10	0.000000e+00	2.495662e+10	1.053159e+11	0.000000e+00	9.011449e+10	-2.069753e+11	0.000000e+00	
3.335040e+07	-3.153522e+05	-1.718767e+05	0.000000e+00	1.400549e+11	5.256030e+10	0.000000e+00	-7.625164e+09	5.513701e+10	0.000000e+00	2.200317e+10	1.059716e+11	0.000000e+00	9.203744e+10	-2.061320e+11	0.000000e+00	
3.343680e+07	-3.052154e+05	-1.803270e+05	0.000000e+00	1.391298e+11	5.496150e+10	0.000000e+00	-1.182230e+10	5.440996e+10	0.000000e+00	1.903253e+10	1.065446e+11	0.000000e+00	9.395246e+10	-2.052710e+11	0.000000e+00	
3.352320e+07	-2.949271e+05	-1.884784e+05	0.000000e+00	1.381636e+11	5.734645e+10	0.000000e+00	-1.595159e+10	5.337064e+10	0.000000e+00	1.604702e+10	1.070344e+11	0.000000e+00	9.585939e+10	-2.043923e+11	0.000000e+00	
3.360960e+07	-2.844978e+05	-1.963290e+05	0.000000e+00	1.371565e+11	5.971442e+10	0.000000e+00	-1.998944e+10	5.202541e+10	0.000000e+00	1.304896e+10	1.074404e+11	0.000000e+00	9.775806e+10	-2.034960e+11	0.000000e+00	
3.369600e+07	-2.739380e+05	-2.038773e+05	0.000000e+00	1.361088e+11	6.206471e+10	0.000000e+00	-2.391291e+10	5.038246e+10	0.000000e+00	1.004071e+10	1.077626e+11	0.000000e+00	9.964832e+10	-2.025822e+11	0.000000e+00	
3.378240e+07	-2.632578e+05	-2.111221e+05	0.000000e+00	1.350209e+11	6.439664e+10	0.000000e+00	-2.769979e+10	4.845174e+10	0.000000e+00	7.024618e+09	1.080005e+11	0.000000e+00	1.015300e+11	-2.016509e+11	0.000000e+00	
3.386880e+07	-2.524676e+05	-2.180628e+05	0.000000e+00	1.338930e+11	6.670952e+10	0.000000e+00	-3.132882e+10	4.624490e+10	0.000000e+00	4.003031e+09	1.081540e+11	0.000000e+00	1.034029e+11	-2.007023e+11	0.000000e+00	
3.395520e+07	-2.415774e+05	-2.246993e+05	0.000000e+00	1.327254e+11	6.900264e+10	0.000000e+00	-3.477976e+10	4.377518e+10	0.000000e+00	9.783160e+08	1.082230e+11	0.000000e+00	1.052670e+11	-1.997364e+11	0.000000e+00	
3.404160e+07	-2.305972e+05	-2.310318e+05	0.000000e+00	1.315186e+11	7.127535e+10	0.000000e+00	-3.803355e+10	4.105731e+10	0.000000e+00	-2.047164e+09	1.082074e+11	0.000000e+00	1.071219e+11	-1.987533e+11	0.000000e+00	
3.412800e+07	-2.195367e+05	-2.370609e+05	0.000000e+00	1.302728e+11	7.352696e+10	0.000000e+00	-4.107240e+10	3.810741e+10	0.000000e+00	-5.071043e+09	1.081073e+11	0.000000e+00	1.089677e+11	-1.977531e+11	0.000000e+00	
3.421440e+07	-2.084054e+05	-2.427877e+05	0.000000e+00	1.289885e+11	7.575681e+10	0.000000e+00	-4.387988e+10	3.494285e+10	0.000000e+00	-8.090960e+09	1.079226e+11	0.000000e+00	1.108041e+11	-1.967359e+11	0.000000e+00	
3.430080e+07	-1.972128e+05	-2.482136e+05	0.000000e+00	1.276660e+11	7.796425e+10	0.000000e+00	-4.644106e+10	3.158214e+10	0.000000e+00	-1.110455e+10	1.076536e+11	0.000000e+00	1.126309e+11	-1.957017e+11	0.000000e+00	
3.438720e+07	-1.859679e+05	-2.533404e+05	0.000000e+00	1.263057e+11	8.014860e+10	0.000000e+00	-4.874252e+10	2.804482e+10	0.000000e+00	-1.410947e+10	1.073005e+11	0.000000e+00	1.144481e+11	-1.946508e+11	0.000000e+00	
3.447360e+07	-1.746797e+05	-2.581700e+05	0.000000e+00	1.249081e+11	8.230923e+10	0.000000e+00	-5.077243e+10	2.435125e+10	0.000000e+00	-1.710335e+10	1.068635e+11	0.000000e+00	1.162554e+11	-1.935830e+11	0.000000e+00	
3.456000e+07	-1.633567e+05	-2.627051e+05	0.000000e+00	1.234735e+11	8.444551e+10	0.000000e+00	-5.252063e+10	2.052256e+10	0.000000e+00	-2.008387e+10	1.063430e+11	0.000000e+00	1.180527e+11	-1.924986e+11	0.000000e+00	
